                   MONTHLY CLIMATOLOGICAL SUMMARY for gen 2022


NAME: Stazione meteo di Vellai - Feltre                  
ELEV: 315 meters    LAT: 46-02.10 N    LONG: 011-56.55 E


                   TEMPERATURE (C), RAIN (mm), WIND SPEED (m/s)

                                         HEAT   COOL         AVG
      MEAN                               DEG    DEG          WIND                   DOM
DAY   TEMP   HIGH   TIME    LOW   TIME   DAYS   DAYS   RAIN  SPEED   HIGH   TIME    DIR
---------------------------------------------------------------------------------------
 01    1,6   10,2  14:48   -3,9  08:21   16,8    0,0    0,0    0,4   51,1  20:42    162
 02    1,2    8,6  13:15   -3,3  07:35   17,2    0,0    0,0    0,5   51,1  09:36    220
 03   -1,8    0,2  15:07   -3,1  08:02   20,2    0,0    0,0    0,5   51,1  21:39    176
 04    1,4    5,0  14:50   -2,1  00:03   17,0    0,0    0,0    0,4   51,1  07:27    171
 05    2,2    3,6  17:48    1,1  19:51   16,1    0,0    0,0    0,4   51,1  15:47    258
 06    2,4    8,6  14:12   -2,3  23:59   15,9    0,0    0,0    0,7   51,1  01:00    253
 07   -0,4    5,0  15:18   -3,5  23:29   18,7    0,0    0,0    0,5   51,1  21:26    288
 08   -2,1    4,6  14:26   -6,1  08:07   20,4    0,0    0,0    0,4   51,0  09:57    360
 09   -1,9    1,5  13:07   -4,8  00:28   20,3    0,0    0,0    0,3   50,3  19:10     44
 10   -0,5    6,8  15:19   -4,4  08:19   18,8    0,0    0,0    0,4   50,7  13:45    297
 11   -1,1    7,9  14:08   -6,2  06:51   19,4    0,0    0,0    0,5   50,3  02:16     52
 12   -1,8    5,9  15:21   -6,8  08:25   20,1    0,0    0,0    0,4   50,3  18:38    250
 13   -2,0    6,4  15:42   -7,6  07:37   20,3    0,0    0,0    0,3   50,7  14:56      3
 14   -0,1    9,1  15:22   -5,9  06:12   18,5    0,0    0,0    0,3   50,3  11:33    315
 15    1,5   10,8  15:14   -4,1  07:00   16,8    0,0    0,0    0,4   50,7  18:09     20
 16    1,2    9,1  14:46   -3,7  07:44   17,1    0,0    0,0    0,5   50,7  20:11      1
 17   -0,6    7,6  15:08   -4,9  07:10   18,9    0,0    0,0    0,7   51,1  21:34    299
 18    0,9    9,6  15:08   -5,1  08:10   17,5    0,0    0,0    0,5   50,3  00:18    359
 19    0,0    8,0  15:33   -5,1  08:18   18,3    0,0    0,0    0,6   51,1  01:02    319
 20   -0,4    7,1  15:26   -4,5  03:35   18,8    0,0    0,0    0,5   51,1  00:03    308
 21   -1,1    7,4  13:40   -6,8  07:30   19,4    0,0    0,0    0,8   51,1  03:00     61
 22   -1,9    6,4  15:05   -7,4  07:44   20,3    0,0    0,0    0,4   50,3  00:43     99
 23   -0,8    7,5  15:47   -5,8  06:22   19,1    0,0    0,0    0,4   50,3  02:57     91
 24    0,2    8,1  14:43   -5,7  08:02   18,2    0,0    0,0    0,5   50,3  00:03     95
 25    1,7    7,6  14:34   -2,5  23:43   16,6    0,0    0,0    0,3   51,1  22:48    123
 26   -1,1    6,6  15:33   -5,6  07:39   19,4    0,0    0,0    0,3   49,5  01:28    140
 27   -2,2    1,9  16:31   -4,5  08:21   20,6    0,0    0,0    0,3   51,0  15:26     69
 28    1,8   12,4  15:28   -4,0  00:12   16,5    0,0    0,0    1,1   50,3  00:07    287
 29    0,8    8,5  15:23   -5,1  08:26   17,6    0,0    0,0    0,4   49,5  00:33     95
 30   -0,3    9,1  15:34   -6,4  07:55   18,6    0,0    0,0    0,5   50,3  15:06     34
 31    0,3    8,4  14:39   -5,1  03:15   18,0    0,0    0,0    1,1   50,7  10:28    358
---------------------------------------------------------------------------------------
      -0,1   12,4     28   -7,6     13  571,3    0,0    0,0    0,5   51,1     01    352
    

