                   MONTHLY CLIMATOLOGICAL SUMMARY for ago 2021


NAME: Stazione meteo di Vellai - Feltre                  
ELEV: 315 meters    LAT: 46-02.10 N    LONG: 011-56.55 E


                   TEMPERATURE (C), RAIN (mm), WIND SPEED (m/s)

                                         HEAT   COOL         AVG
      MEAN                               DEG    DEG          WIND                   DOM
DAY   TEMP   HIGH   TIME    LOW   TIME   DAYS   DAYS   RAIN  SPEED   HIGH   TIME    DIR
---------------------------------------------------------------------------------------
 01
 02
 03
 04
 05
 06
 07
 08
 09
 10
 11   27,3   32,1  15:47   19,8  23:39    0,0    9,0    0,0    0,3   49,5  18:33    125
 12   23,9   32,4  14:11   16,3  06:21    0,0    5,5    0,0    0,3   51,1  23:44    122
 13   24,8   33,6  15:59   18,2  06:11    0,0    6,5    0,0    0,2   49,5  02:49     93
 14   25,3   33,5  14:30   18,4  06:27    0,0    7,0    0,0    0,0   49,5  01:23    243
 15   24,4   32,6  13:28   18,9  06:24    0,0    6,1    0,5    0,0   49,5  06:04    314
 16   22,8   30,6  14:54   16,8  23:52    0,0    4,5    2,1    0,2   51,0  23:12    257
 17   19,7   28,1  14:06   12,1  05:55    0,0    1,3    0,0    0,5   51,1  22:38    180
 18   20,3   24,9  11:54   15,0  06:41    0,0    2,0    0,0    0,0   49,5  03:47    222
 19   20,1   26,9  13:15   13,2  06:29    0,0    1,8    0,0    0,0   51,1  15:58     28
 20   20,5   28,2  12:53   13,4  06:27    0,0    2,2    0,0    0,0   49,5  16:40    286
 21   21,3   29,1  13:32   13,9  06:36    0,0    3,0    0,0    0,0   51,1  20:05    310
 22   21,9   29,2  13:59   15,5  06:36    0,0    3,5    0,0    0,0   51,1  00:12    111
 23   19,1   24,8  13:44   14,8  23:55    0,0    0,8    1,0    0,5   51,0  02:16    103
 24   19,1   26,7  15:18   13,6  05:29    0,0    0,8    0,5    0,2   51,1  09:16      8
 25   18,0   24,7  14:19   13,6  05:18    0,3    0,0    0,0    0,3   51,1  21:55    164
 26   17,9   24,9  14:11   11,6  06:40    0,5    0,0    0,5    0,4    5,0  16:11    140
 27   18,1   22,8  15:11   14,9  23:55    0,2    0,0    0,0    0,7    5,8  12:59    149
 28   15,5   22,8  15:55   11,9  06:48    2,8    0,0    1,0    0,3   49,5  18:03    323
 29   15,8   23,9  16:22    9,9  03:28    2,6    0,0    0,0    0,6   49,5  05:08    126
 30   14,4   22,6  13:21   10,1  06:36    3,9    0,0    5,2    0,5   51,1  22:18     75
 31   15,8   23,9  15:25   12,1  07:02    2,6    0,0    0,0    0,7   51,1  02:40    237
---------------------------------------------------------------------------------------
      20,1   33,6     13    9,9     29   13,0   54,0   10,9    0,3   51,1     12    139
    

