                     CLIMATOLOGICAL SUMMARY for year 2023


NAME: Stazione meteo di Vellai - Feltre                  
ELEV: 315 meters    LAT: 46-02.10 N    LONG: 011-56.55 E


                                       TEMPERATURE (C)

                              HEAT    COOL                              MAX    MAX    MIN    MIN
          MEAN   MEAN         DEG     DEG                                >=     <=     <=     <=
 YR  MO   MAX    MIN    MEAN  DAYS    DAYS      HI  DAY     LOW  DAY     30      0      0    -20
------------------------------------------------------------------------------------------------
2023 01    6,4   -2,0    1,7  515,7    0,0    14,4   10   -18,9   29      0      0     24      0
2023 02   11,3   -1,7    3,7  409,6    0,0    19,1   04    -9,1   09      0      0     17      0
2023 03   14,5    0,4    8,2  314,3    0,0    20,1   22   -30,0   14      0      0      9      2
2023 04    8,5    8,4    8,4  298,0    0,0    10,4   09     8,0   09      0      0      0      0
2023 05   16,5   10,1   12,7  176,9    1,8    28,0   22     7,5   18      0      0      0      0
2023 06   26,7   14,4   20,0    7,4   57,1    32,3   22    10,6   17      4      0      0      0
2023 07   28,6   15,9   21,7    0,3  106,0    33,4   10    10,8   27      9      0      0      0
2023 08   28,7   15,1   21,5   10,2  108,8    35,4   22    -7,0   30     15      0      1      0
2023 09   23,6    9,0   15,1  125,3   29,6    31,0   11   -19,8   23      2      2      4      0
2023 10   20,2    9,8   14,1  130,2    0,0    26,7   09     1,9   17      0      0      0      0
2023 11    3,1   -6,5   -2,1  613,1    0,0    15,5   06   -30,0   01      0      7     20      1
2023 12    7,2   -1,8    1,8  513,1    0,0    17,2   23    -5,2   08      0      0     26      0
------------------------------------------------------------------------------------------------
          16,3    6,0   10,6 3114,2  303,4    35,4  ago   -30,0  mar     30      9    101      3


                  PRECIPITATION (mm)

                  MAX         ---DAYS OF RAIN---
                  OBS.               OVER
 YR  MO  TOTAL    DAY  DATE   0.30   3.00  30.00
------------------------------------------------
2023 01   25,9    9,3    23      6      3      0
2023 02    7,2    7,2    26      1      1      0
2023 03 2027,3 1515,1    31      5      3      2
2023 04 35492,1 6474,0    02     22     22     22
2023 05 13987,9 5969,0    12     15      9      6
2023 06   66,3   25,4    27     11      6      0
2023 07   88,6   16,6    12     13     10      0
2023 08   69,4   47,7    28      7      5      1
2023 09   15,5    8,3    22      4      2      0
2023 10  122,2   34,2    30     11      8      1
2023 11   53,9   21,8    02      9      4      0
2023 12   26,9   11,4    02      6      4      0
------------------------------------------------
        51983,4 6474,0   apr    110     77     32


           WIND SPEED (m/s)

                                DOM
 YR  MO    AVG     HI   DATE    DIR
-----------------------------------
2023 01    7,2   51,1     01    235 
2023 02    0,4   51,1     07    130 
2023 03    0,6   51,1     09    147 
2023 04    0,0    0,0     01     90 
2023 05    0,3   51,1     16    230 
2023 06    0,4   51,1     03    153 
2023 07    0,5   51,1     01    141 
2023 08    0,4   51,1     02    125 
2023 09    0,3   51,1     02    119 
2023 10    0,3   51,1     03    103 
2023 11    0,4   51,1     03     59 
2023 12    0,4   51,1     01    307 
-----------------------------------
           0,8   51,1    gen    195

