                   MONTHLY CLIMATOLOGICAL SUMMARY for lug 2024


NAME: Stazione meteo di Vellai - Feltre                  
ELEV: 315 meters    LAT: 46-02.10 N    LONG: 011-56.55 E


                   TEMPERATURE (C), RAIN (mm), WIND SPEED (m/s)

                                         HEAT   COOL         AVG
      MEAN                               DEG    DEG          WIND                   DOM
DAY   TEMP   HIGH   TIME    LOW   TIME   DAYS   DAYS   RAIN  SPEED   HIGH   TIME    DIR
---------------------------------------------------------------------------------------
 01   19,6   28,5  14:05   15,2  16:42    0,0    1,3    7,3    0,5    7,8  16:02     46
 02   18,7   25,9  16:25   14,5  02:48    0,0    0,4    3,6    0,4   51,1  08:15     52
 03   18,0   23,6  13:39   14,4  06:24    0,3    0,0   10,9    0,3    4,0  18:01     56
 04   19,2   24,9  12:54   13,5  04:01    0,0    0,9    0,0    0,6   51,1  07:46     14
 05   20,6   27,4  14:12   13,3  05:25    0,0    2,2    0,0    0,5   51,1  04:31     44
 06   21,3   27,8  16:35   15,9  05:29    0,0    2,9    0,0    0,5   51,1  08:07     45
 07   20,7   25,5  14:24   17,9  05:49    0,0    2,4    6,7    0,3   51,1  13:39     15
 08   23,1   30,9  14:13   17,1  05:42    0,0    4,7    0,0    0,4   51,1  21:44     28
 09   24,8   32,8  14:29   16,8  05:36    0,0    6,5    0,0    0,3   51,1  13:12     43
 10   26,0   33,6  14:25   18,8  05:27    0,0    7,7    0,0    0,3   49,5  01:44     27
 11   26,1   34,1  14:28   18,6  05:50    0,0    7,8    0,0    0,4   51,1  13:59     34
 12   22,5   28,5  11:52   19,4  05:30    0,0    4,2    1,6    0,6   51,1  00:55    340
 13   23,4   30,8  15:12   16,8  05:53    0,0    5,0    0,0    0,5   51,1  20:42     30
 14   24,2   31,1  14:13   17,7  06:16    0,0    5,9    0,0    0,5   51,1  21:16     44
 15   24,4   32,3  15:39   16,5  05:37    0,0    6,1  254,9    0,2   51,1  01:20     32
 16   24,7   31,8  14:34   16,7  05:44    0,0    6,3    0,0    0,4    6,4  17:32     40
 17   25,6   33,9  17:56   18,3  05:37    0,0    7,3    0,0    0,2   51,0  05:43     16
 18   25,5   33,1  13:37   17,9  06:11    0,0    7,2    0,0    0,5   50,7  14:06     38
 19   25,4   34,9  14:15   19,0  06:06    0,0    7,0    0,0    1,1   51,1  00:42    319
 20   23,1   29,8  14:14   18,8  06:09    0,0    4,8    0,5    0,6   51,1  21:14    349
 21   24,4   30,0  16:15   18,9  06:10    0,0    6,0    0,0    0,7   49,5  09:12     29
 22   23,5   32,6  15:34   17,3  05:47    0,0    5,2    1,6    0,7   49,5  01:12     18
 23   21,8   26,5  14:16   18,6  03:00    0,0    3,5    1,6    0,4   51,1  19:15     44
 24   22,4   29,7  14:49   18,0  02:30    0,0    4,0    1,6    0,4   51,1  01:23     46
 25   23,3   29,3  15:01   18,1  06:17    0,0    4,9    0,0    0,5   51,1  00:13     38
 26   24,2   29,8  13:20   19,0  05:48    0,0    5,9    0,0    0,5   51,1  00:04     39
 27   25,0   31,3  14:16   18,4  06:21    0,0    6,7    0,0    0,6   51,1  22:59     39
 28   25,0   33,3  14:55   19,1  05:54    0,0    6,6   14,5    0,8   51,1  03:59     36
 29   23,9   31,1  15:23   19,5  02:39    0,0    5,5 12591,0    0,3   51,1  23:09     57
 30   24,1   30,2  14:59   18,6  05:14    0,0    5,8    0,0    0,4   51,1  18:54     31
 31   24,9   32,9  14:10   18,1  06:18    0,0    6,5    0,0    0,5   50,7  19:36     55
---------------------------------------------------------------------------------------
      23,2   34,9     19   13,3     05    0,3  151,2 12895,6    0,5   51,1     02     29
    

