                   MONTHLY CLIMATOLOGICAL SUMMARY for giu 2024


NAME: Stazione meteo di Vellai - Feltre                  
ELEV: 315 meters    LAT: 46-02.10 N    LONG: 011-56.55 E


                   TEMPERATURE (C), RAIN (mm), WIND SPEED (m/s)

                                         HEAT   COOL         AVG
      MEAN                               DEG    DEG          WIND                   DOM
DAY   TEMP   HIGH   TIME    LOW   TIME   DAYS   DAYS   RAIN  SPEED   HIGH   TIME    DIR
---------------------------------------------------------------------------------------
 01   14,4   21,3  15:10    9,3  04:22    3,9    0,0    0,0    0,4    5,4  18:19    119
 02   17,9   24,4  14:23   11,3  05:36    0,4    0,0    3,1    0,6    5,1  14:47    128
 03   16,3   23,8  15:41   12,6  02:28    2,0    0,0    2,6    0,4   49,5  22:31    131
 04   16,9   24,1  13:31   11,9  03:59    1,5    0,0    0,0    0,5   51,1  19:53    145
 05   19,4   25,7  15:09   14,5  02:22    0,0    1,1    0,0    0,6   51,1  20:26    115
 06   20,8   26,9  16:42   14,3  03:30    0,0    2,4    0,0    0,6   49,5  19:18    138
 07   21,8   27,9  14:29   14,8  05:33    0,0    3,5    0,0    0,5   51,1  05:52    153
 08   22,4   28,4  14:14  -30,0  10:08    0,0    4,1    0,0    0,5   50,3  15:57    157
 09   21,5   27,3  12:57   17,8  23:24    0,0    3,1    0,5    0,4   49,5  07:37    107
 10   19,5   26,4  12:57   15,3  07:07    0,0    1,2    5,2    0,7   51,1  22:27    146
 11   17,7   22,7  13:39   15,3  23:58    0,6    0,0    4,2    0,4    8,7  15:06    154
 12   16,0   20,1  10:59   13,7  07:32    2,4    0,0    3,1    0,6   51,1  16:21    239
 13   15,4   21,3  16:29   12,1  06:04    2,9    0,0    0,0    0,6   50,4  12:13    179
 14   16,5   21,9  16:44   11,0  05:42    1,8    0,0    0,0    0,4   49,5  05:44    135
 15   17,2   21,3  11:23   12,1  05:10    1,1    0,0    1,6    0,2   50,3  15:14     66
 16   19,1   25,1  15:34   13,9  03:48    0,0    0,8   10,9    0,5    4,7  13:00    162
 17   20,3   27,1  13:40   13,1  05:09    0,0    2,0    0,0    0,5   51,1  21:09    154
 18   21,7   28,7  14:18   13,9  05:31    0,0    3,4    0,0    0,6   51,1  22:22    149
 19   23,1   30,9  14:21   15,6  05:32    0,0    4,8    0,0    0,5   51,1  22:28    154
 20   23,5   29,2  13:42   17,7  05:44    0,0    5,2    0,0    0,1    1,7  14:23    100
 21   23,8   28,5  17:51   18,9  05:16    0,0    5,5    0,0    0,3   49,5  15:47     77
 22   22,3   29,8  13:17   16,5  05:30    0,0    4,0    0,0    1,2   51,1  06:03    241
 23   18,5   21,8  13:17   15,6  05:51    0,0    0,2    0,0    1,8   51,1  19:47    252
 24   20,5   26,1  16:30   15,7  04:39    0,0    2,2    0,0    0,2   51,1  23:05    243
 25   19,7   25,8  14:00   16,8  23:53    0,0    1,4   17,1    0,8   51,1  00:10    250
 26   19,2   26,6  15:29   14,4  06:30    0,0    0,8   11,9    0,6   51,0  03:34    165
 27   21,2   28,3  17:15   14,5  04:04    0,0    2,9    0,0    0,4   49,5  05:52    104
 28   24,0   31,3  14:27   16,3  05:52    0,0    5,6    0,0    0,3   49,5  04:06    115
 29   25,4   32,4  13:07   19,9  03:38    0,0    7,1    0,0    0,3   49,5  07:39    151
 30   24,0   29,9  13:38   19,5  05:55    0,0    5,7    0,0    0,5   49,5  19:04    136
---------------------------------------------------------------------------------------
      20,0   32,4     29  -30,0     08   16,7   66,8   60,1    0,5   51,1     04    174
    

