                   MONTHLY CLIMATOLOGICAL SUMMARY for feb 2023


NAME: Stazione meteo di Vellai - Feltre                  
ELEV: 315 meters    LAT: 46-02.10 N    LONG: 011-56.55 E


                   TEMPERATURE (C), RAIN (mm), WIND SPEED (m/s)

                                         HEAT   COOL         AVG
      MEAN                               DEG    DEG          WIND                   DOM
DAY   TEMP   HIGH   TIME    LOW   TIME   DAYS   DAYS   RAIN  SPEED   HIGH   TIME    DIR
---------------------------------------------------------------------------------------
 01    0,3    9,5  15:37   -5,6  07:14   18,0    0,0    0,0    0,4   50,7  20:46     59
 02    3,4   15,9  14:32   -4,7  06:53   14,9    0,0    0,0    1,2   50,3  00:20    132
 03    3,9   11,6  15:09   -2,2  07:07   14,4    0,0    0,0    0,6   49,5  02:40    128
 04    8,2   19,1  13:53    1,8  23:25   10,2    0,0    0,0    1,2   50,3  22:45    113
 05    4,0    6,4  00:55    1,4  23:51   14,3    0,0    0,0    0,9   49,5  02:36    172
 06    0,8    3,4  15:07   -3,0  23:46   17,5    0,0    0,0    0,3   49,5  06:10    152
 07   -1,1    6,5  14:24   -6,2  08:16   19,5    0,0    0,0    0,5   51,1  02:41    120
 08   -2,1    5,3  13:31   -7,7  07:34   20,4    0,0    0,0    0,5   50,3  21:04    127
 09   -2,8    5,6  14:32   -9,1  07:26   21,1    0,0    0,0    0,2   49,5  03:57    112
 10   -1,8    7,4  16:33   -9,0  06:30   20,2    0,0    0,0    0,2   49,5  23:32    113
 11    0,1   10,3  16:09   -7,1  07:34   18,2    0,0    0,0    0,2   50,3  21:36     99
 12    4,0   15,1  14:30   -3,6  07:36   14,3    0,0    0,0    0,6   50,7  13:49    139
 13    3,2   12,8  15:53   -3,8  07:01   15,1    0,0    0,0    0,2   49,5  01:14    118
 14    4,5   15,9  15:11   -3,6  07:37   13,8    0,0    0,0    0,2   49,5  00:21    118
 15    5,8   17,9  16:08   -2,3  06:28   12,6    0,0    0,0    0,1   50,3  20:50    251
 16    4,6   14,1  14:29   -2,1  07:30   13,7    0,0    0,0    0,0   49,5  05:31    243
 17    4,5   13,4  14:16   -1,7  07:29   13,9    0,0    0,0    0,0   51,1  08:29    205
 18    5,5    8,8  14:38    1,9  00:10   12,8    0,0    0,0    0,1   49,5  04:57    286
 19    5,8   10,6  15:36    0,9  23:29   12,5    0,0    0,0    0,0   49,5  00:26    277
 20    6,1   13,9  16:14    0,8  00:06   12,2    0,0    0,0    0,1   49,5  23:53    345
 21    5,2   12,3  14:27   -0,2  06:42   13,2    0,0    0,0    0,3   49,5  07:54    113
 22    7,5   13,6  13:08    4,5  07:26   10,9    0,0    0,0    0,2   51,1  06:07    140
 23    7,5   12,8  14:40    4,6  23:22   10,8    0,0    0,0    0,0   51,1  03:46    300
 24    7,3   11,7  12:59    4,5  00:33   11,0    0,0    0,0    0,3   49,5  02:16    103
 25    7,4   13,8  12:57    3,6  05:51   10,9    0,0    0,0    0,7   51,1  02:11    152
 26    5,0    7,2  12:41    2,6  07:08   13,3    0,0    7,2    1,6   51,1  00:57     94
 27    3,7   10,0  13:03    0,5  23:56   14,6    0,0    0,0    1,2   49,5  15:11    232
 28    3,2   11,5  14:41   -2,2  07:20   15,2    0,0    0,0    0,4   51,0  20:16    126
---------------------------------------------------------------------------------------
       3,7   19,1     04   -9,1     09  409,6    0,0    7,2    0,4   51,1     07    130
    

