                   MONTHLY CLIMATOLOGICAL SUMMARY for mag 2022


NAME: Stazione meteo di Vellai - Feltre                  
ELEV: 315 meters    LAT: 46-02.10 N    LONG: 011-56.55 E


                   TEMPERATURE (C), RAIN (mm), WIND SPEED (m/s)

                                         HEAT   COOL         AVG
      MEAN                               DEG    DEG          WIND                   DOM
DAY   TEMP   HIGH   TIME    LOW   TIME   DAYS   DAYS   RAIN  SPEED   HIGH   TIME    DIR
---------------------------------------------------------------------------------------
 01   14,1   19,3  14:13    8,9  23:46    4,2    0,0    0,0    1,5    9,9  15:06    239
 02   13,0   20,9  16:54    7,8  06:17    5,4    0,0    0,0    0,4   51,1  03:55    233
 03   14,7   22,4  12:41    6,7  06:28    3,7    0,0    0,0    0,8   50,3  21:28    236
 04   13,3   21,3  14:55    6,9  05:38    5,0    0,0    3,6    0,6   49,5  19:24    201
 05   13,1   18,9  15:05    8,6  04:18    5,2    0,0    0,0    0,3   51,1  08:59    110
 06   12,7   15,9  14:32   10,5  04:08    5,6    0,0    0,0    0,2   51,1  22:20    168
 07   13,0   17,1  17:44    9,9  03:30    5,3    0,0    0,0    0,1   49,5  00:34    131
 08   15,2   20,8  18:08   11,6  05:59    3,1    0,0    0,5    0,3   50,3  11:59    239
 09   16,4   23,4  13:05    9,3  05:42    1,9    0,0    0,0    0,4   50,3  21:36    108
 10   16,8   24,9  14:54    8,2  06:09    1,5    0,0    0,0    0,5   51,0  10:57    164
 11   18,3   25,9  14:42    9,8  05:55    0,1    0,0    0,0    0,7   50,3  21:54    164
 12   19,7   26,6  13:14   11,3  06:16    0,0    1,3    0,0    0,6   49,5  05:41    157
 13   19,4   26,6  12:46   13,1  05:39    0,0    1,0    2,1    0,7   49,5  02:41    120
 14   17,0   22,1  13:35   13,6  02:44    1,3    0,0    1,0    0,4   49,5  01:40    258
 15   19,7   27,3  16:49   13,4  02:10    0,0    1,4    0,0    0,5   49,5  16:06    168
 16   18,4   26,6  14:50   14,1  22:45    0,0    0,1    9,8    0,5   49,5  04:44    165
 17   19,4   27,4  14:33   12,6  05:46    0,0    1,1    0,0    0,5   49,5  00:52    136
 18   20,2   24,9  13:10   15,9  05:56    0,0    1,9    0,0    0,5   49,5  07:01    162
 19   20,1   24,9  13:14   14,3  06:18    0,0    1,7    0,0    0,6   50,3  21:58    158
 20   19,5   27,1  13:39   11,6  05:08    0,0    1,1    0,0    0,5   49,5  00:43    158
 21   20,8   27,9  15:15   12,9  05:54    0,0    2,4    0,0    0,4   49,5  03:45    134
 22   20,4   27,8  13:16   13,4  05:36    0,0    2,0    1,0    0,4   49,5  20:37    158
 23   20,7   24,9  12:58   16,4  04:49    0,0    2,4    0,0    0,7   51,1  22:03    157
 24   20,4   26,2  14:24   14,6  05:47    0,0    2,1   15,5    0,6   49,5  23:43    141
 25   17,9   25,3  14:59   12,9  05:40    0,4    0,0    0,0    0,3   51,0  03:07    113
 26   19,5   26,3  13:36   14,2  02:46    0,0    1,2    2,1    0,4   49,5  04:45     84
 27   21,1   27,4  14:29   15,7  03:58    0,0    2,8    0,0    0,3   49,5  03:34    189
 28   17,5   24,5  11:16   12,8  23:45    0,8    0,0    6,2    0,3   49,5  00:33    169
 29   12,8   15,5  15:59    8,9  23:36    5,5    0,0    0,5    0,1   49,9  17:35    254
 30   14,8   21,0  15:31    8,9  00:00    3,5    0,0    0,0    0,4   49,5  10:34    173
 31   17,4   23,4  13:39  -30,0  14:16    0,9    0,0    0,0    0,5   49,5  20:04    153
---------------------------------------------------------------------------------------
      17,3   27,9     21  -30,0     31   53,6   22,6   42,5    0,5   51,1     02    170
    

