                   MONTHLY CLIMATOLOGICAL SUMMARY for feb 2022


NAME: Stazione meteo di Vellai - Feltre                  
ELEV: 315 meters    LAT: 46-02.10 N    LONG: 011-56.55 E


                   TEMPERATURE (C), RAIN (mm), WIND SPEED (m/s)

                                         HEAT   COOL         AVG
      MEAN                               DEG    DEG          WIND                   DOM
DAY   TEMP   HIGH   TIME    LOW   TIME   DAYS   DAYS   RAIN  SPEED   HIGH   TIME    DIR
---------------------------------------------------------------------------------------
 01    4,7   13,8  13:25   -1,1  06:39   13,6    0,0    0,0    1,1   49,5  03:40    106
 02    4,9   15,4  14:57   -2,7  03:25   13,4    0,0    0,0    1,4   49,5  22:41    264
 03    4,9   11,9  13:24   -0,5  07:32   13,5    0,0    0,0    0,6   51,0  08:55    109
 04    3,5   10,5  14:45   -0,7  03:57   14,9    0,0    0,0    0,5   49,5  00:15    122
 05    3,4   10,8  15:28   -0,5  00:59   14,9    0,0    0,0    0,3   50,3  19:13    115
 06    3,0    8,4  14:54   -1,9  04:13   15,4    0,0    0,0    0,6   50,3  21:37    106
 07    5,7   10,8  14:52    0,4  23:09   12,6    0,0    0,0    2,3   49,5  04:37    269
 08    2,6   12,3  15:22   -4,2  06:24   15,8    0,0    0,0    0,4   49,5  00:35    150
 09    3,1   13,3  15:52   -3,5  06:55   15,3    0,0    0,0    0,3   50,3  22:41    114
 10    2,1   10,6  14:21   -4,1  08:11   16,3    0,0    0,0    0,3   50,3  22:24    101
 11    1,9    9,6  14:51   -3,9  07:56   16,4    0,0    0,0    0,4   51,0  20:22     40
 12    1,7   11,1  14:29   -4,6  07:54   16,6    0,0    0,0    0,5   51,0  13:26    233
 13    0,2    8,6  16:04   -6,4  06:45   18,1    0,0    0,0    0,4   50,3  03:40     67
 14   -0,6    3,1  14:42   -5,3  06:56   18,9    0,0    0,0    0,1   49,5  07:01     98
 15    0,3    1,4  00:04   -0,4  22:38   18,1    0,0    5,2    0,4   51,1  19:41    257
 16    1,0    5,4  16:04   -1,1  23:28   17,3    0,0    0,0    0,5   51,1  02:44    240
 17    2,3    9,2  15:18   -1,9  01:58   16,1    0,0    0,0    0,5   51,1  08:19    161
 18    5,6   12,2  14:32    1,0  00:03   12,8    0,0    0,0    0,5   50,3  21:15    232
 19    6,8   12,6  14:01    4,3  06:40   11,5    0,0    0,0    0,6   51,0  22:16    259
 20    7,2   14,1  15:16    2,6  03:16   11,1    0,0    0,0    0,5   50,3  13:44    171
 21    5,7   10,8  16:21    0,1  23:30   12,6    0,0    0,0    0,4   49,5  19:09     75
 22    5,1   15,6  13:53   -2,7  06:44   13,2    0,0    0,0    1,1   49,5  03:45    118
 23    5,0   15,9  15:20   -2,8  07:12   13,4    0,0    0,0    0,3   49,5  07:00    120
 24    4,8   13,6  13:37   -2,4  06:54   13,5    0,0    0,0    0,3   49,5  05:30    128
 25    4,6   13,8  14:19   -2,1  07:20   13,7    0,0    0,0    0,5   49,5  04:35    100
 26    4,6   13,2  13:35   -1,8  06:54   13,7    0,0    0,0    0,8   50,3  20:17    161
 27    3,1   12,3  13:32   -4,7  07:27   15,2    0,0    0,0    0,9   49,5  09:18    139
 28    2,4    9,8  13:43   -4,9  07:00   15,9    0,0    0,0    1,0   49,5  03:55    148
---------------------------------------------------------------------------------------
       3,6   15,9     23   -6,4     13  413,9    0,0    5,2    0,6   51,1     15    181
    

