                     CLIMATOLOGICAL SUMMARY for year 2024


NAME: Stazione meteo di Vellai - Feltre                  
ELEV: 315 meters    LAT: 46-02.10 N    LONG: 011-56.55 E


                                       TEMPERATURE (C)

                              HEAT    COOL                              MAX    MAX    MIN    MIN
          MEAN   MEAN         DEG     DEG                                >=     <=     <=     <=
 YR  MO   MAX    MIN    MEAN  DAYS    DAYS      HI  DAY     LOW  DAY     30      0      0    -20
------------------------------------------------------------------------------------------------
2024 01    6,7   -3,3    0,8  544,7    0,0    13,1   27    -7,6   21      0      1     28      0
2024 02   11,6    0,9    6,0  356,4    0,0    17,6   17   -29,2   19      0      0     10      1
2024 03   13,8    4,7    8,6  302,4    0,0    20,1   22    -2,4   25      0      0      1      0
2024 04   16,4    3,8    9,6   95,3    0,0    26,9   30    -1,3   21      0      0      2      0
2024 05   20,4   10,5   14,9  105,9    0,0    25,8   26     7,6   18      0      0      0      0
2024 06   26,2   13,3   20,0   16,7   66,8    32,4   29   -30,0   08      3      0      1      1
2024 07   30,3   17,4   23,2    0,3  151,2    34,9   19    13,3   05     18      0      0      0
2024 08   30,9   17,9   23,4    0,0  134,5    35,1   12    14,6   08     21      0      0      0
2024 09
2024 10
2024 11
2024 12
------------------------------------------------------------------------------------------------
          19,6    8,4   13,5 1421,6  352,5    35,1  ago   -30,0  giu     42      1     42      2


                  PRECIPITATION (mm)

                  MAX         ---DAYS OF RAIN---
                  OBS.               OVER
 YR  MO  TOTAL    DAY  DATE   0.30   3.00  30.00
------------------------------------------------
2024 01   39,4   12,9    06      6      5      0
2024 02   30,0   11,4    10      8      4      0
2024 03   37,3   12,4    31      8      3      0
2024 04   18,1    8,3    23      3      2      0
2024 05   96,3   17,6    21     22     13      0
2024 06   60,1   17,1    26     10      7      0
2024 07 12895,6 12591,0    29     12      7      2
2024 08   34,7    9,3    18      7      4      0
2024 09
2024 10
2024 11
2024 12
------------------------------------------------
        13211,5 12591,0   lug     76     45      2


           WIND SPEED (m/s)

                                DOM
 YR  MO    AVG     HI   DATE    DIR
-----------------------------------
2024 01    0,5   51,1     01    324 
2024 02    0,4   51,1     01    327 
2024 03    1,1   51,1     02    321 
2024 04    0,7   51,1     22    242 
2024 05    0,4   51,1     03    138 
2024 06    0,5   51,1     04    174 
2024 07    0,5   51,1     02     29 
2024 08    0,4   51,1     02     17 
2024 09
2024 10
2024 11
2024 12
-----------------------------------
           0,6   51,1    gen      6

