                   MONTHLY CLIMATOLOGICAL SUMMARY for mag 2023


NAME: Stazione meteo di Vellai - Feltre                  
ELEV: 315 meters    LAT: 46-02.10 N    LONG: 011-56.55 E


                   TEMPERATURE (C), RAIN (mm), WIND SPEED (m/s)

                                         HEAT   COOL         AVG
      MEAN                               DEG    DEG          WIND                   DOM
DAY   TEMP   HIGH   TIME    LOW   TIME   DAYS   DAYS   RAIN  SPEED   HIGH   TIME    DIR
---------------------------------------------------------------------------------------
 01    8,4    8,4  18:00    8,4  00:00    9,9    0,0    0,0    0,0    0,0  00:00     90
 02    8,4    8,4  02:00    8,4  00:00    9,9    0,0    0,0    0,0    0,0  00:00     90
 03    8,4    8,4  18:00    8,4  00:00    9,9    0,0 4958,9    0,0    0,0  00:00     90
 04    8,4    8,4  01:00    8,4  00:00    9,9    0,0    0,0    0,0    0,0  00:00     90
 05    8,4    8,4  18:00    8,4  00:00    9,9    0,0    0,0    0,0    0,0  00:00     90
 06    8,4    8,4  01:00    8,4  00:00    9,9    0,0 1010,0    0,0    0,0  00:00     90
 07    8,4    8,4  12:00    8,4  00:00    9,9    0,0 1010,0    0,0    0,0  00:00     90
 08    8,4    8,4  00:00    8,4  00:00    9,9    0,0    0,0    0,0    0,0  00:00     90
 09    8,4    8,4  17:00    8,4  00:00    9,9    0,0    0,0    0,0    0,0  00:00     90
 10    8,4    8,4  01:00    8,4  00:00    9,9    0,0    0,0    0,0    0,0  00:00     90
 11    8,4    8,4  10:00    8,4  00:00    9,9    0,0  505,0    0,0    0,0  00:00     90
 12    8,4    8,4  22:00    8,4  00:00    9,9    0,0 5969,0    0,0    0,0  00:00     90
 13    8,4    8,4  18:00    8,4  00:00    9,9    0,0    0,0    0,0    0,0  00:00     90
 14    8,4    8,4  02:00    8,4  00:00    9,9    0,0    0,0    0,0    0,0  00:00     90
 15    8,5   11,6  23:17    8,4  00:00    9,8    0,0  505,0    0,0    0,0  00:00     90
 16   12,2   15,0  17:24    9,8  03:06    6,1    0,0    1,0    0,8   51,1  21:12    261
 17   14,1   19,3  15:14    9,9  06:14    4,2    0,0    0,0    0,4   51,1  03:44    196
 18   15,0   21,1  12:01    7,5  05:57    3,3    0,0    0,0    0,4   50,7  18:38    127
 19   15,1   19,6  15:45   12,1  05:55    3,2    0,0    0,0    0,3    3,6  20:33    236
 20   13,8   18,4  15:12   11,2  06:11    4,5    0,0    2,1    0,4    4,3  16:47    256
 21   18,3   27,3  14:31   12,3  04:10    0,1    0,0    1,0    0,5   51,0  08:17    259
 22   19,5   28,0  14:40   12,1  05:56    0,0    1,2    0,0    0,4   50,3  21:54    158
 23   18,0   27,8  13:59   10,8  05:48    0,3    0,0    3,1    0,4   51,1  16:37    261
 24   16,7   24,6  16:00   11,1  05:22    1,6    0,0    6,2    0,7   50,7  18:55    239
 25   17,9   26,6  17:30   12,3  01:03    0,5    0,0   11,4    1,0   49,5  12:13    250
 26   18,0   27,0  14:29   11,2  05:38    0,4    0,0    0,0    0,5   49,5  05:22    149
 27   19,0   25,0  15:27   14,5  02:08    0,0    0,6    0,0    0,7   49,5  01:37    225
 28   17,1   25,9  13:35   12,9  22:02    1,2    0,0    2,1    0,5   49,5  09:27    122
 29   16,6   25,6  13:45   11,9  05:40    1,7    0,0    1,0    0,6   51,1  21:26    241
 30   17,7   25,4  13:28   13,6  04:51    0,6    0,0    0,0    0,5   51,0  00:14    254
 31   18,1   25,6  14:50   12,9  04:26    0,2    0,0    2,1    0,4   49,5  03:44    110
---------------------------------------------------------------------------------------
      12,7   28,0     22    7,5     18  176,9    1,8 13987,9    0,3   51,1     16    230
    

