                     CLIMATOLOGICAL SUMMARY for year 2022


NAME: Stazione meteo di Vellai - Feltre                  
ELEV: 315 meters    LAT: 46-02.10 N    LONG: 011-56.55 E


                                       TEMPERATURE (C)

                              HEAT    COOL                              MAX    MAX    MIN    MIN
          MEAN   MEAN         DEG     DEG                                >=     <=     <=     <=
 YR  MO   MAX    MIN    MEAN  DAYS    DAYS      HI  DAY     LOW  DAY     30      0      0    -20
------------------------------------------------------------------------------------------------
2022 01    7,1   -4,7   -0,1  571,3    0,0    12,4   28    -7,6   13      0      0     30      0
2022 02   11,1   -2,0    3,6  413,9    0,0    15,9   23    -6,4   13      0      0     23      0
2022 03   13,8   -2,1    5,9  384,4    0,0    21,9   24   -30,0   19      0      0     19      1
2022 04   15,9    4,2   10,0  249,1    0,0    23,6   14    -2,5   10      0      0      3      0
2022 05   23,7   10,3   17,3   53,6   22,6    27,9   21   -30,0   31      0      0      1      1
2022 06   28,5   15,1   21,6    4,3  101,6    32,6   27    10,3   08     10      0      0      0
2022 07   31,4   16,3   23,5    0,0  160,3    36,1   23    13,3   02     22      0      0      0
2022 08   29,4   15,4   21,6    0,0  101,7    34,8   05    11,0   13     15      0      0      0
2022 09   22,7   12,0   16,4   75,8   19,3    28,4   06     3,6   20      0      0      0      0
2022 10   21,5    9,4   14,2  128,6    0,0    24,2   19     6,5   28      0      0      0      0
2022 11   12,3    2,5    6,6  353,0    0,0    16,8   05    -3,1   27      0      0      9      0
2022 12    5,6   -2,3    1,7  516,3    0,0    11,3   31   -18,9   02      0      2     22      0
------------------------------------------------------------------------------------------------
          18,6    6,2   11,9 2750,3  405,5    36,1  lug   -30,0  mar     47      2    107      2


                  PRECIPITATION (mm)

                  MAX         ---DAYS OF RAIN---
                  OBS.               OVER
 YR  MO  TOTAL    DAY  DATE   0.30   3.00  30.00
------------------------------------------------
2022 01    0,0    0,0    01      0      0      0
2022 02    5,2    5,2    15      1      1      0
2022 03    2,1    2,1    31      1      0      0
2022 04   12,4    4,2    23      5      2      0
2022 05   42,5   15,5    24     10      4      0
2022 06   35,7    7,8    15      9      6      0
2022 07   32,1    8,3    11      9      3      0
2022 08   49,7   15,5    18      9      5      0
2022 09   55,9   12,4    17     12      7      0
2022 10   14,0    6,2    22      3      2      0
2022 11   64,8   30,0    04      8      2      1
2022 12   68,9   15,5    04      9      7      0
------------------------------------------------
         383,3   30,0   nov     76     39      1


           WIND SPEED (m/s)

                                DOM
 YR  MO    AVG     HI   DATE    DIR
-----------------------------------
2022 01    0,5   51,1     01    352 
2022 02    0,6   51,1     15    181 
2022 03    0,6   51,1     30    142 
2022 04    0,7   51,1     01    149 
2022 05    0,5   51,1     02    170 
2022 06    0,6   51,1     07    154 
2022 07    0,6   51,1     14    138 
2022 08    0,6   51,1     01    154 
2022 09    0,4   51,1     01    133 
2022 10    0,2   51,1     01    102 
2022 11    0,4   51,1     03    293 
2022 12    5,8   51,1     08    245 
-----------------------------------
           0,8   51,1    gen    184

