                   MONTHLY CLIMATOLOGICAL SUMMARY for mar 2022


NAME: Stazione meteo di Vellai - Feltre                  
ELEV: 315 meters    LAT: 46-02.10 N    LONG: 011-56.55 E


                   TEMPERATURE (C), RAIN (mm), WIND SPEED (m/s)

                                         HEAT   COOL         AVG
      MEAN                               DEG    DEG          WIND                   DOM
DAY   TEMP   HIGH   TIME    LOW   TIME   DAYS   DAYS   RAIN  SPEED   HIGH   TIME    DIR
---------------------------------------------------------------------------------------
 01    1,8   10,3  15:05   -4,7  06:09   16,6    0,0    0,0    0,5   50,3  19:00    113
 02    2,7   11,6  14:32   -5,6  06:57   15,6    0,0    0,0    0,4   49,5  04:01    102
 03    4,5   12,9  13:12   -3,1  07:01   13,9    0,0    0,0    0,5   49,5  21:20    152
 04    4,1   11,1  12:28   -2,2  07:17   14,3    0,0    0,0    0,8   49,5  00:29    142
 05    3,0    9,3  14:19   -2,9  06:00   15,4    0,0    0,0    0,7   50,3  21:56    151
 06    3,0    9,5  14:05   -1,9  07:16   15,3    0,0    0,0    0,7   50,3  18:40    153
 07    1,7    8,8  14:40   -5,1  06:17   16,6    0,0    0,0    0,7   49,5  22:08    140
 08    3,6    9,6  13:46   -1,7  23:58   14,8    0,0    0,0    0,7   49,1  00:14    170
 09    3,2   12,9  14:58   -5,1  06:55   15,2    0,0    0,0    0,5   49,1  04:54    116
 10    5,1   15,9  13:52   -3,9  06:43   13,3    0,0    0,0    0,5   49,5  05:59    123
 11    3,6    7,4  13:37   -0,4  03:03   14,8    0,0    0,0    0,5    4,8  15:47    122
 12    4,4    9,8  13:54   -2,1  23:17   14,0    0,0    0,0    0,6   51,0  03:43    153
 13    2,0   10,6  13:37   -6,4  06:39   16,3    0,0    0,0    0,7   49,1  20:39    147
 14    4,2   12,8  14:43   -3,4  03:41   14,1    0,0    0,0    0,6   51,0  10:16    130
 15    4,8    9,3  12:14    1,1  02:47   13,5    0,0    0,0    0,3   51,0  12:32     55
 16    7,1   13,6  13:34    2,1  07:06   11,2    0,0    0,0    0,7   50,7  23:46    209
 17    7,9   14,8  15:37    2,8  04:15   10,4    0,0    0,0    0,3   50,7  21:46    135
 18    8,5   14,7  14:40    2,9  23:35    9,9    0,0    0,0    0,5   51,0  05:08    147
 19    5,4   12,6  13:08  -30,0  19:26   13,0    0,0    0,0    0,9   50,7  00:34    155
 20    5,5   12,4  12:48   -2,8  06:01   12,8    0,0    0,0    0,6   49,5  03:45     95
 21    5,6   14,3  13:20   -2,4  06:15   12,7    0,0    0,0    0,5    4,7  17:18    135
 22    6,1   16,3  14:42   -3,1  05:12   12,2    0,0    0,0    0,5   49,5  04:42    132
 23    8,6   21,5  14:54   -2,7  06:15    9,7    0,0    0,0    0,3   49,1  08:56    128
 24   10,2   21,9  14:22    0,3  06:27    8,1    0,0    0,0    0,5   49,1  21:01    146
 25   10,4   21,0  13:22    0,6  06:35    8,0    0,0    0,0    0,6   49,5  04:16    150
 26   10,8   21,9  13:31    1,1  06:22    7,5    0,0    0,0    0,6   51,0  12:45    168
 27   11,4   21,3  14:33    1,6  07:37    7,0    0,0    0,0    0,7   51,0  05:12    160
 28   10,7   20,4  14:23    1,4  06:20    7,6    0,0    0,0    1,0   50,3  23:18    146
 29    8,7   15,6  14:55    1,3  07:40    9,7    0,0    0,0    0,6   51,0  07:03    137
 30    7,6   11,4  17:48    3,6  06:56   10,7    0,0    0,0    0,3   51,1  05:33     94
 31    8,0   10,8  14:48    5,9  06:19   10,3    0,0    2,1    0,3   51,1  15:34    271
---------------------------------------------------------------------------------------
       5,9   21,9     24  -30,0     19  384,4    0,0    2,1    0,6   51,1     30    142
    

