                   MONTHLY CLIMATOLOGICAL SUMMARY for ott 2023


NAME: Stazione meteo di Vellai - Feltre                  
ELEV: 315 meters    LAT: 46-02.10 N    LONG: 011-56.55 E


                   TEMPERATURE (C), RAIN (mm), WIND SPEED (m/s)

                                         HEAT   COOL         AVG
      MEAN                               DEG    DEG          WIND                   DOM
DAY   TEMP   HIGH   TIME    LOW   TIME   DAYS   DAYS   RAIN  SPEED   HIGH   TIME    DIR
---------------------------------------------------------------------------------------
 01   17,0   26,4  16:38   10,5  07:03    1,3    0,0    0,0    0,2   49,5  07:35    105
 02   16,8   25,6  16:27   11,0  07:21    1,5    0,0    0,0    0,2    2,6  13:34    103
 03   17,5   25,0  14:41   11,9  04:06    0,9    0,0    0,0    0,2   51,1  00:56     90
 04   17,9   21,1  11:39   15,5  06:21    0,5    0,0    0,0    0,3   51,1  21:05    100
 05   17,6   23,9  13:56   12,6  06:26    0,8    0,0    0,0    0,3   49,5  07:17    115
 06   17,3   24,8  14:11   12,2  23:49    1,0    0,0    0,0    0,3    4,4  14:49    120
 07   15,6   25,4  15:40    8,8  07:15    2,7    0,0    0,0    0,2   51,1  06:07     85
 08   17,0   25,9  15:36   10,1  07:33    1,4    0,0    0,0    0,3   51,1  02:18     90
 09   17,2   26,7  15:34   10,5  07:39    1,2    0,0    0,0    0,2   49,5  07:26     65
 10   16,1   23,6  14:17   11,1  07:37    2,2    0,0    0,0    0,1   49,5  06:03    102
 11   15,7   25,3  15:52    9,8  07:40    2,7    0,0    0,0    0,2   51,1  01:56     92
 12   15,6   23,9  14:23    9,1  06:48    2,8    0,0    0,0    0,3   51,1  01:29     96
 13   18,2   23,1  13:06   14,9  23:57    0,1    0,0    0,0    0,3    4,5  15:46     89
 14   15,9   21,9  14:48   11,1  05:46    2,4    0,0    0,0    0,2   51,1  21:44     73
 15   14,8   21,4  13:39    8,5  23:39    3,6    0,0    0,0    0,4   51,1  21:23    104
 16    9,6   15,8  13:08    4,9  23:45    8,8    0,0    0,0    0,3   51,1  21:05     96
 17    7,9   16,4  14:44    1,9  07:10   10,4    0,0    0,0    0,3   51,1  05:05    104
 18    7,3   12,5  14:14    2,5  06:28   11,0    0,0    1,0    0,1   51,1  02:20    113
 19   10,6   12,4  14:00    9,1  00:11    7,7    0,0    7,8    0,1    1,8  03:12    118
 20   13,3   15,5  20:32   11,7  00:00    5,1    0,0   20,7    0,3   49,5  08:42    156
 21   14,4   20,9  16:20   11,8  04:26    3,9    0,0    4,7    0,3   51,0  10:19    222
 22   13,1   19,4  16:10   10,6  23:39    5,3    0,0    0,0    0,3   49,5  11:40    232
 23   13,1   18,9  14:42    9,4  03:58    5,2    0,0    4,1    0,2   51,1  04:16     85
 24   12,7   13,4  16:12   12,2  09:30    5,7    0,0   29,0    0,2   51,0  07:39    118
 25   13,3   18,1  14:20   10,2  23:59    5,1    0,0    0,0    0,3   51,1  22:33    121
 26   11,8   15,1  16:12    9,4  04:30    6,5    0,0    2,1    0,2   51,1  18:22    259
 27   14,4   21,4  15:02   10,9  23:31    4,0    0,0   10,4    0,4   51,1  10:57    243
 28   12,5   18,5  15:04    8,3  23:54    5,8    0,0    0,0    0,5   51,1  10:07    193
 29    9,5   11,5  11:44    6,5  02:59    8,8    0,0    1,0    0,2   51,1  11:14     73
 30   12,4   16,5  22:21   10,4  00:04    5,9    0,0   34,2    0,5    7,7  22:21    167
 31   12,2   16,1  10:42    5,6  23:09    6,2    0,0    7,2    0,5   51,1  12:35     28
---------------------------------------------------------------------------------------
      14,1   26,7     09    1,9     17  130,2    0,0  122,2    0,3   51,1     03    103
    

