                   MONTHLY CLIMATOLOGICAL SUMMARY for lug 2022


NAME: Stazione meteo di Vellai - Feltre                  
ELEV: 315 meters    LAT: 46-02.10 N    LONG: 011-56.55 E


                   TEMPERATURE (C), RAIN (mm), WIND SPEED (m/s)

                                         HEAT   COOL         AVG
      MEAN                               DEG    DEG          WIND                   DOM
DAY   TEMP   HIGH   TIME    LOW   TIME   DAYS   DAYS   RAIN  SPEED   HIGH   TIME    DIR
---------------------------------------------------------------------------------------
 01   22,3   30,8  14:47   15,6  23:55    0,0    3,9    2,1    0,6   49,5  00:00    160
 02   22,7   32,6  15:24   13,3  05:27    0,0    4,4    0,0    0,5   49,5  01:16    151
 03   24,9   33,8  14:07   16,4  05:42    0,0    6,6    0,0    0,3   49,5  04:10    130
 04   23,5   29,5  11:59   17,8  23:59    0,0    5,1    2,6    0,6   44,9  14:25    253
 05   22,6   32,8  14:54   15,1  05:56    0,0    4,2    0,0    0,4   49,5  02:44     81
 06   23,6   30,2  13:11   16,7  06:11    0,0    5,3    0,0    0,7   49,5  04:19    161
 07   20,1   26,9  13:28   15,9  23:54    0,0    1,8    2,6    0,5   49,5  05:29    117
 08   20,9   28,2  16:41   13,9  03:10    0,0    2,6    0,0    0,7   49,5  02:58    159
 09   21,0   27,1  16:39   13,6  05:41    0,0    2,6    0,0    0,6   49,5  15:22    145
 10   21,5   28,4  15:47   14,6  04:13    0,0    3,2    0,0    0,3   49,5  08:00     68
 11   20,5   25,9  13:26   15,5  04:17    0,0    2,2    8,3    0,6   51,0  19:41    155
 12   21,6   27,8  15:19   16,6  06:13    0,0    3,3    0,0    0,5   49,5  09:20    142
 13   22,9   29,8  14:04   15,6  05:04    0,0    4,6    0,0    0,6   50,3  16:53    135
 14   23,3   31,1  18:26   17,1  03:38    0,0    4,9    0,0    0,3   51,1  23:35     52
 15   24,2   31,3  17:07   15,7  06:00    0,0    5,9    0,0    0,6   51,1  02:03    119
 16   24,4   31,8  15:54   16,8  06:06    0,0    6,1    0,0    0,6   51,1  02:58    119
 17   24,6   30,8  14:48   18,2  05:20    0,0    6,3    0,0    0,7   51,1  22:13    153
 18   25,1   31,1  14:04   17,8  05:44    0,0    6,8    0,0    0,6   51,1  21:57    121
 19   25,2   32,9  15:20   16,4  06:18    0,0    6,9    0,0    0,6   49,5  00:12    126
 20   25,9   33,7  15:32   16,6  05:53    0,0    7,6    0,0    0,7   50,3  00:09    136
 21   26,2   34,9  15:10   16,3  06:07    0,0    7,9    0,0    0,6   49,5  22:49    141
 22   27,1   35,8  14:11   17,3  05:50    0,0    8,7    0,0    0,9   51,0  02:52    167
 23   26,4   36,1  14:58   18,3  05:55    0,0    8,1    0,0    1,0   50,3  13:22    123
 24   24,7   34,6  15:19   16,8  04:56    0,0    6,3    6,2    0,7   50,3  14:49     75
 25   26,9   35,4  13:47   18,0  06:16    0,0    8,6    0,0    0,7   50,3  18:44    159
 26   23,1   32,4  13:11   17,8  05:49    0,0    4,8    1,0    1,1   51,1  17:55    240
 27   23,0   31,6  16:30   17,9  05:25    0,0    4,7    2,6    0,9   51,1  21:55    100
 28   23,3   31,3  17:06   17,3  04:40    0,0    4,9    1,0    0,4   49,5  00:07     61
 29   21,7   32,7  14:50   17,0  06:31    0,0    3,3    5,7    1,4   49,5  14:16    263
 30   22,4   29,9  14:22   15,9  06:09    0,0    4,1    0,0    0,5   50,3  14:02    147
 31   23,0   32,7  17:47   14,5  06:17    0,0    4,7    0,0    0,6   51,0  20:54     28
---------------------------------------------------------------------------------------
      23,5   36,1     23   13,3     02    0,0  160,3   32,1    0,6   51,1     14    138
    

