                   MONTHLY CLIMATOLOGICAL SUMMARY for apr 2023


NAME: Stazione meteo di Vellai - Feltre                  
ELEV: 315 meters    LAT: 46-02.10 N    LONG: 011-56.55 E


                   TEMPERATURE (C), RAIN (mm), WIND SPEED (m/s)

                                         HEAT   COOL         AVG
      MEAN                               DEG    DEG          WIND                   DOM
DAY   TEMP   HIGH   TIME    LOW   TIME   DAYS   DAYS   RAIN  SPEED   HIGH   TIME    DIR
---------------------------------------------------------------------------------------
 01    8,4    8,4  17:00    8,4  00:00    9,9    0,0    0,0    0,0    0,0  00:00     90
 02    8,4    8,4  03:00    8,4  00:00    9,9    0,0 6474,0    0,0    0,0  00:00     90
 03    8,4    8,4  17:00    8,4  00:00    9,9    0,0  505,1    0,0    0,0  00:00     90
 04    8,4    8,4  02:00    8,4  00:00    9,9    0,0 1515,0    0,0    0,0  00:00     90
 05    8,4    8,4  02:00    8,4  00:00    9,9    0,0  505,1    0,0    0,0  00:00     90
 06    8,4    8,4  16:00    8,4  00:00    9,9    0,0  505,1    0,0    0,0  00:00     90
 07    8,4    8,4  01:00    8,4  00:00    9,9    0,0 2020,4    0,0    0,0  00:00     90
 08    8,4    8,4  16:00    8,4  00:00    9,9    0,0 5969,0    0,0    0,0  00:00     90
 09    8,4   10,4  00:35    8,0  01:35    9,9    0,0 4454,0    0,0    0,0  00:00     90
 10    8,4    8,4  20:00    8,4  00:00    9,9    0,0  505,0    0,0    0,0  00:00     90
 11    8,4    8,4  06:00    8,4  00:00    9,9    0,0    0,0    0,0    0,0  00:00     90
 12    8,4    8,4  16:00    8,4  00:00    9,9    0,0  505,0    0,0    0,0  00:00     90
 13    8,4    8,4  03:00    8,4  00:00    9,9    0,0 4959,2    0,0    0,0  00:00     90
 14    8,4    8,4  19:00    8,4  00:00    9,9    0,0 1010,0    0,0    0,0  00:00     90
 15    8,4    8,4  03:00    8,4  00:00    9,9    0,0 1010,0    0,0    0,0  00:00     90
 16    8,4    8,4  01:00    8,4  00:00    9,9    0,0  505,0    0,0    0,0  00:00     90
 17    8,4    8,4  05:00    8,4  00:00    9,9    0,0    0,0    0,0    0,0  00:00     90
 18    8,4    8,4  14:00    8,4  00:00    9,9    0,0  505,2    0,0    0,0  00:00     90
 19    8,4    8,4  19:00    8,4  00:00    9,9    0,0  505,0    0,0    0,0  00:00     90
 20    8,4    8,4  08:00    8,4  00:00    9,9    0,0    0,0    0,0    0,0  00:00     90
 21    8,4    8,4  04:00    8,4  00:00    9,9    0,0  505,0    0,0    0,0  00:00     90
 22    8,4    8,4  12:00    8,4  00:00    9,9    0,0 1010,0    0,0    0,0  00:00     90
 23    8,4   10,4  15:12    8,0  09:27    9,9    0,0    0,0    0,0    0,0  00:00     90
 24    8,4    8,4  03:00    8,4  00:00    9,9    0,0    0,0    0,0    0,0  00:00     90
 25    8,4    8,4  14:00    8,4  00:00    9,9    0,0 1010,0    0,0    0,0  00:00     90
 26    8,4    8,4  01:00    8,4  00:00    9,9    0,0  505,0    0,0    0,0  00:00     90
 27    8,4    8,4  21:00    8,4  00:00    9,9    0,0    0,0    0,0    0,0  00:00     90
 28    8,4    8,4  02:00    8,4  00:00    9,9    0,0  505,1    0,0    0,0  00:00     90
 29    8,4    8,4  23:00    8,0  02:23    9,9    0,0  505,0    0,0    0,0  00:00     90
 30    8,4    8,4  01:00    8,4  00:00    9,9    0,0    0,0    0,0    0,0  00:00     90
---------------------------------------------------------------------------------------
       8,4   10,4     09    8,0     09  298,0    0,0 35492,1    0,0    0,0     01     90
    

