                   MONTHLY CLIMATOLOGICAL SUMMARY for dic 2021


NAME: Stazione meteo di Vellai - Feltre                  
ELEV: 315 meters    LAT: 46-02.10 N    LONG: 011-56.55 E


                   TEMPERATURE (C), RAIN (mm), WIND SPEED (m/s)

                                         HEAT   COOL         AVG
      MEAN                               DEG    DEG          WIND                   DOM
DAY   TEMP   HIGH   TIME    LOW   TIME   DAYS   DAYS   RAIN  SPEED   HIGH   TIME    DIR
---------------------------------------------------------------------------------------
 01   -0,8    5,2  14:09   -5,4  07:08   19,1    0,0    0,0    0,3   50,5  18:42    176
 02    1,2    2,8  14:13   -0,1  06:00   17,1    0,0    1,0    0,2   51,1  05:10    221
 03    1,3    2,3  13:07    0,2  23:53   17,1    0,0    0,0    0,3   51,1  08:48    270
 04    0,4    3,1  14:50   -1,6  08:33   17,9    0,0    0,0    0,4   51,1  21:29    243
 05    1,1    2,2  15:16   -0,1  08:21   17,3    0,0    0,0    0,3   51,1  11:23    284
 06   -0,4    2,1  15:17   -3,7  23:45   18,7    0,0    0,0    0,3   51,1  05:34     30
 07   -2,2    4,2  14:36   -5,7  08:14   20,5    0,0    0,0    0,4   50,7  01:13    150
 08   -3,2   -0,9  23:40   -6,3  04:44   21,5    0,0    0,0    0,2   51,1  18:13    330
 09   -0,3    1,3  14:20   -1,5  05:39   18,6    0,0    1,0    0,2   51,1  02:31    355
 10   -0,6    1,8  13:30   -2,2  23:11   18,9    0,0    0,0    0,3   51,1  14:17    269
 11   -2,8    2,5  14:57   -6,6  23:18   21,1    0,0    1,0    0,3   51,1  18:38     67
 12   -4,8    3,1  15:23  -10,4  06:52   23,1    0,0    1,0    0,4   51,1  02:56    316
 13   -1,8    5,8  12:43   -6,1  02:49   20,2    0,0    0,0    0,2   51,1  08:01    332
 14   -3,2    0,5  15:02   -6,7  05:17   21,5    0,0    0,0    0,1   49,5  09:49    307
 15   -2,3    4,3  15:17   -4,9  02:03   20,6    0,0    0,0    0,1   49,5  13:55     88
 16   -2,5    3,9  14:30   -5,4  04:34   20,8    0,0    0,0    0,2   51,1  11:03    203
 17   -2,2    4,4  15:34   -5,2  04:24   20,5    0,0    0,0    0,3   51,1  08:26    212
 18   -2,6    4,9  15:15  -30,0  15:44   20,9    0,0    0,0    0,3   49,5  09:41    210
 19   -2,8    5,4  14:37   -6,9  07:07   21,1    0,0    0,0    0,2   51,1  05:40    142
 20   -2,8    5,9  13:38   -7,9  07:56   21,1    0,0    0,0    0,4   51,1  22:38    222
 21   -2,4    0,4  14:52   -5,6  01:27   20,7    0,0    0,0    0,3   49,5  00:10    211
 22   -2,0    4,2  14:49   -5,9  09:02   20,3    0,0    0,0    0,3   49,5  00:14    203
 23   -3,7    1,4  15:08   -7,9  07:44   22,0    0,0    0,0    0,3   50,7  08:05    192
 24   -4,2   -0,7  15:34   -7,7  07:45   22,6    0,0    0,0    0,3   51,1  06:17    165
 25   -2,2    1,4  12:41   -5,9  00:21   20,5    0,0    0,0    0,2   51,1  17:45     66
 26    0,1    5,1  15:18   -3,4  06:06   18,3    0,0    0,0    0,2   51,1  11:50     15
 27   -1,4    1,1  14:51   -4,4  08:12   19,8    0,0    0,0    0,3   51,1  07:54    222
 28    2,0    6,3  12:43    0,4  00:03   16,3    0,0    0,0    0,3   51,1  22:24    209
 29    0,2    5,4  14:37   -2,6  08:35   18,1    0,0    0,0    0,4   51,1  11:03    141
 30    0,5    6,4  13:44   -3,6  07:53   17,8    0,0    0,0    0,4   51,1  10:11    205
 31    0,9    9,1  14:35   -3,9  05:58   17,4    0,0    0,0    0,4   51,1  10:03    215
---------------------------------------------------------------------------------------
      -1,4    9,1     31  -30,0     18  611,6    0,0    4,1    0,3   51,1     02    224
    

