                   MONTHLY CLIMATOLOGICAL SUMMARY for feb 2024


NAME: Stazione meteo di Vellai - Feltre                  
ELEV: 315 meters    LAT: 46-02.10 N    LONG: 011-56.55 E


                   TEMPERATURE (C), RAIN (mm), WIND SPEED (m/s)

                                         HEAT   COOL         AVG
      MEAN                               DEG    DEG          WIND                   DOM
DAY   TEMP   HIGH   TIME    LOW   TIME   DAYS   DAYS   RAIN  SPEED   HIGH   TIME    DIR
---------------------------------------------------------------------------------------
 01   -0,5    4,3  16:43   -3,9  07:01   18,8    0,0    0,0    0,4   51,1  22:54    331
 02    2,4   11,8  14:53   -4,1  06:10   15,9    0,0    0,0    0,3   51,1  06:58     99
 03    3,6   12,6  15:04   -1,8  06:33   14,7    0,0    0,0    0,5   50,3  03:59     43
 04    4,4   14,5  14:01   -1,7  06:21   13,9    0,0    0,0    0,4   50,3  09:13    315
 05    4,1   13,6  14:22   -1,6  07:27   14,2    0,0    0,0    0,5   51,1  07:02     62
 06    4,8   10,4  15:37   -0,1  03:02   13,5    0,0    0,0    0,3   51,1  01:23    257
 07    6,4    9,8  15:06    4,2  07:59   11,9    0,0    0,0    0,5   50,7  13:07      1
 08    6,8   11,1  14:17    2,8  08:47   11,5    0,0    0,0    0,3   49,5  01:21    124
 09    6,3    7,0  13:31    5,3  07:04   12,0    0,0    4,7    0,1   51,1  04:08     76
 10    7,0    7,9  14:17    6,1  04:04   11,4    0,0   11,4    0,2   51,1  21:15     30
 11    7,8   10,4  15:57    5,9  07:05   10,6    0,0    0,0    0,5   51,1  11:47    357
 12    7,2   12,3  14:26    3,8  23:39   11,1    0,0    0,0    0,5   51,1  10:27    242
 13    6,8   14,9  14:42    0,9  08:05   11,5    0,0    0,0    0,4   51,1  06:36    125
 14    5,1   14,1  16:17   -1,2  07:55   13,2    0,0    0,0    0,5   50,7  13:34     13
 15    6,1   15,0  15:41   -0,2  06:52   12,2    0,0    0,0    0,2    2,2  08:57    114
 16    6,4   16,4  15:21   -0,3  06:54   11,9    0,0    0,0    0,2   51,1  06:25    102
 17    8,4   17,6  14:39    1,6  07:55    9,9    0,0    0,0    0,4   50,7  20:13     55
 18   10,5   16,9  13:55    5,6  06:25    7,8    0,0    0,0    0,5   51,0  19:58    116
 19   10,1   16,2  15:15  -29,2  12:30    8,2    0,0    0,0    0,6   51,1  20:52      2
 20    8,1   16,1  13:46    2,5  07:15   10,2    0,0    0,0    0,5   50,3  00:07    135
 21    7,2   15,1  14:27    0,4  07:32   11,1    0,0    0,0    0,5   51,1  21:11     41
 22    6,3    7,8  13:53    4,6  07:23   12,1    0,0    1,6    0,2   51,1  09:45     66
 23    5,1    6,1  00:00    4,1  23:05   13,2    0,0    3,1    0,7   51,1  14:27    273
 24    4,6    8,7  14:42    0,9  04:12   13,7    0,0    1,0    0,5    3,5  00:45    252
 25    5,2    9,8  15:48    3,2  21:39   13,1    0,0    1,0    0,6   51,1  10:42    306
 26    5,0    7,9  15:05    3,1  02:35   13,3    0,0    2,1    0,4   51,1  16:33    244
 27    4,5    5,5  22:43    3,1  07:19   13,8    0,0    5,2    1,0   51,1  08:42    259
 28    6,8    8,7  16:09    5,4  00:00   11,5    0,0    0,0    0,2    3,7  06:31    256
 29    8,7   13,4  14:25    5,6  07:18    9,6    0,0    0,0    0,2   51,1  10:28    125
---------------------------------------------------------------------------------------
       6,0   17,6     17  -29,2     19  356,4    0,0   30,0    0,4   51,1     01    327
    

