                   MONTHLY CLIMATOLOGICAL SUMMARY for ago 2017


NAME: Stazione meteo di Vellai - Feltre                  
ELEV: 315 meters    LAT: 46-02.10 N    LONG: 011-56.55 E


                   TEMPERATURE (C), RAIN (mm), WIND SPEED (m/s)

                                         HEAT   COOL         AVG
      MEAN                               DEG    DEG          WIND                   DOM
DAY   TEMP   HIGH   TIME    LOW   TIME   DAYS   DAYS   RAIN  SPEED   HIGH   TIME    DIR
---------------------------------------------------------------------------------------
 01   25,1   34,4  16:18   17,3  06:16    0,0    6,8    0,0    0,6   49,5  00:06     97
 02   25,3   33,8  15:30   19,0  06:18    0,0    7,0    0,0    0,6   49,5  00:33    118
 03   25,3   33,9  15:20   17,8  05:03    0,0    6,9    0,0    0,3   49,5  01:05     96
 04   26,9   34,4  14:57   20,1  06:19    0,0    8,6    0,0    0,4   49,5  00:25    118
 05   27,1   36,1  15:11   20,3  05:57    0,0    8,8    0,0    0,3   49,5  00:07     95
 06   21,9   31,2  12:24   17,5  14:57    0,0    3,6    5,7    0,4   12,4  14:25    243
 07   21,4   28,4  15:09   14,3  06:00    0,0    3,0    0,0    0,4   46,3  13:13    149
 08   22,1   29,4  14:01   14,4  06:13    0,0    3,8    0,0    0,3   49,5  04:05     95
 09   24,1   32,4  16:45   17,9  05:12    0,0    5,7    1,6    0,4   51,0  06:23     81
 10   20,9   27,0  11:11   16,9  23:32    0,0    2,6    2,1    0,4   49,5  13:01     20
 11   19,6   26,6  12:23   13,3  23:46    0,0    1,2    0,0    0,8   49,5  00:12    210
 12   17,8   25,6  15:26   11,8  02:34    0,5    0,0    0,0    0,4   49,5  01:30    115
 13   19,3   27,8  15:40   10,7  05:59    0,0    1,0    0,0    0,4   49,5  03:33    112
 14   21,4   28,1  12:48   15,6  06:23    0,0    3,1    0,0    0,3   49,5  00:59    101
 15   22,0   30,8  15:39   14,1  06:02    0,0    3,7    0,0    0,4   49,5  15:42    117
 16   20,7   28,6  13:20   15,4  06:06    0,0    2,4    0,0    0,4   50,3  16:03    297
 17   22,3   32,5  15:28   14,4  06:15    0,0    3,9   16,6    0,5   51,1  08:26     59
 18   23,4   32,8  14:38   15,6  06:24    0,0    5,1    0,0    0,5   49,5  03:24    136
 19   21,3   28,4  17:09   15,3  23:54    0,0    3,0    5,2    0,5   51,1  09:52     37
 20   18,7   26,9  15:04   11,6  06:13    0,0    0,4    0,0    0,5   51,1  00:20     85
 21   18,4   25,3  16:40   12,4  05:49    0,0    0,1    0,0    0,5   50,3  13:21    127
 22   18,1   25,3  13:35   11,3  06:43    0,3    0,0    0,0    0,6   51,1  20:00    124
 23   19,0   27,5  15:41   11,6  05:32    0,0    0,6    0,0    0,5   49,5  03:30    115
 24   20,7   29,4  15:09   12,4  06:39    0,0    2,4    0,0    0,5   49,5  02:52    129
 25   22,4   29,8  14:50   16,1  06:24    0,0    4,1    0,0    0,4   49,5  00:03    143
 26   23,2   31,3  14:08   16,2  06:54    0,0    4,8    0,0    0,5   49,9  08:39     87
 27   23,6   33,0  15:27   15,9  06:25    0,0    5,3    0,0    0,5   51,0  23:31    103
 28   21,5   31,5  15:48   15,6  23:54    0,0    3,2    3,6    0,9   51,1  18:12     50
 29   19,8   28,5  14:59   13,0  06:19    0,0    1,5    0,0    0,7   51,1  06:41    154
 30   21,2   29,5  15:06   13,5  06:30    0,0    2,9    0,0    0,5   51,0  09:10    121
 31   21,5   29,0  15:48   15,2  06:44    0,0    3,1    0,0    0,4   49,5  06:03    130
---------------------------------------------------------------------------------------
      21,8   36,1     05   10,7     13    0,7  108,5   34,7    0,5   51,1     17    116
    

