                   MONTHLY CLIMATOLOGICAL SUMMARY for lug 2023


NAME: Stazione meteo di Vellai - Feltre                  
ELEV: 315 meters    LAT: 46-02.10 N    LONG: 011-56.55 E


                   TEMPERATURE (C), RAIN (mm), WIND SPEED (m/s)

                                         HEAT   COOL         AVG
      MEAN                               DEG    DEG          WIND                   DOM
DAY   TEMP   HIGH   TIME    LOW   TIME   DAYS   DAYS   RAIN  SPEED   HIGH   TIME    DIR
---------------------------------------------------------------------------------------
 01   20,0   25,6  13:49   16,4  03:24    0,0    1,7    1,0    0,4   51,1  08:58     77
 02   21,7   27,1  16:18   17,3  01:19    0,0    3,3    0,0    0,3   49,5  00:27    112
 03   20,8   25,0  14:30   15,2  23:55    0,0    2,4    6,2    0,5   49,5  01:56     86
 04   20,7   29,0  14:31   14,1  05:42    0,0    2,4    0,0    0,5    5,7  04:02    119
 05   20,3   27,2  14:45   14,6  03:35    0,0    2,0    3,6    0,9   51,1  09:58    157
 06   18,4   24,8  18:15   13,9  05:29    0,0    0,1    2,1    0,2    4,8  00:04    178
 07   20,8   28,1  13:36   13,1  06:00    0,0    2,5    0,0    0,6    5,9  15:45    143
 08   22,6   29,5  15:57   15,1  05:47    0,0    4,2    0,0    0,5   51,1  05:04    156
 09   23,9   31,8  13:52   15,7  05:42    0,0    5,6    0,0    0,3   49,5  10:43    140
 10   23,8   33,4  14:18   17,2  05:46    0,0    5,5    2,1    0,3   51,0  10:57     72
 11   25,3   31,9  12:57   19,0  06:18    0,0    6,9    0,0    0,6   49,5  07:34    147
 12   22,7   29,6  16:44   16,4  10:42    0,0    4,3   16,6    0,8   51,1  03:10    235
 13   19,7   24,6  14:24   16,3  04:05    0,0    1,4   13,5    0,4   51,1  18:08     67
 14   22,2   29,9  13:49   16,9  04:12    0,0    3,9    0,0    0,5   51,1  01:25    179
 15   23,2   31,1  14:12   15,0  05:44    0,0    4,9    0,0    0,4   50,7  21:29    136
 16   25,4   32,1  13:29   18,4  05:55    0,0    7,0    0,0    0,5   51,1  20:36    173
 17   26,4   32,7  12:57   19,8  05:49    0,0    8,1    0,0    0,4   49,5  06:25    143
 18   25,2   32,9  14:43   18,5  23:23    0,0    6,9    3,1    0,7   51,1  19:53    169
 19   21,7   30,8  16:19   17,3  05:56    0,0    3,4    9,3    0,6   49,5  05:44    219
 20   23,4   32,0  15:40   17,9  03:26    0,0    5,0    0,0    0,4   51,1  07:16    171
 21   20,3   27,2  11:36   15,8  13:46    0,0    2,0   15,5    0,6   50,7  15:22    317
 22   20,2   27,4  15:31   14,1  04:55    0,0    1,8    0,0    0,4   51,1  21:45    128
 23   22,5   29,2  13:28   16,2  05:21    0,0    4,1    0,0    0,5   51,1  21:28    160
 24   20,0   25,0  11:07   16,7  22:12    0,0    1,7    6,2    0,4   51,1  15:36    230
 25   19,4   26,5  15:35   15,3  03:26    0,0    1,1    6,2    0,6   48,7  14:52     99
 26   19,1   26,6  13:07   12,9  06:02    0,0    0,8    0,0    0,6   51,1  23:40    133
 27   18,0   24,7  14:33   10,8  05:39    0,3    0,0    0,0    0,5   51,1  03:25    144
 28   19,9   25,9  13:42   13,2  06:12    0,0    1,5    0,0    0,5   51,1  21:52    126
 29   22,3   28,4  14:17   16,7  05:20    0,0    4,0    0,0    0,5   49,5  12:30    139
 30   22,3   29,1  14:19   16,9  06:21    0,0    3,9    3,1    0,5    5,7  04:18    114
 31   21,8   28,7  13:55   15,9  06:05    0,0    3,4    0,0    0,4   50,7  12:43    117
---------------------------------------------------------------------------------------
      21,7   33,4     10   10,8     27    0,3  106,0   88,6    0,5   51,1     01    141
    

