                   MONTHLY CLIMATOLOGICAL SUMMARY for set 2022


NAME: Stazione meteo di Vellai - Feltre                  
ELEV: 315 meters    LAT: 46-02.10 N    LONG: 011-56.55 E


                   TEMPERATURE (C), RAIN (mm), WIND SPEED (m/s)

                                         HEAT   COOL         AVG
      MEAN                               DEG    DEG          WIND                   DOM
DAY   TEMP   HIGH   TIME    LOW   TIME   DAYS   DAYS   RAIN  SPEED   HIGH   TIME    DIR
---------------------------------------------------------------------------------------
 01   19,0   25,4  13:13   16,2  23:44    0,0    0,6    8,8    0,3   51,1  23:49    121
 02   19,1   24,9  16:51   14,9  07:26    0,0    0,7    0,0    0,4   51,1  00:01     73
 03   19,8   25,2  15:36   14,1  07:12    0,0    1,4    0,0    0,5   51,1  23:51    153
 04   20,5   27,9  15:57   16,2  03:02    0,0    2,2    0,0    0,3   51,0  01:12     92
 05   20,1   28,2  14:18   13,7  06:54    0,0    1,8    0,0    0,4    5,2  17:52    104
 06   21,3   28,4  14:01   15,1  06:57    0,0    2,9    0,0    0,3   51,1  19:18    108
 07   21,1   27,9  13:55   16,7  04:38    0,0    2,8    0,5    0,4   51,1  23:56    109
 08   20,2   26,4  15:40   17,7  05:48    0,0    1,9    5,7    0,3   49,5  06:01    130
 09   18,3   23,2  13:29   14,9  06:48    0,0    0,0    3,6    0,3   49,5  03:07    114
 10   16,7   23,6  12:41   13,6  23:29    1,6    0,0    0,0    0,6   49,5  10:00    252
 11   17,3   25,4  14:59   12,1  07:56    1,0    0,0    0,0    0,5   51,1  12:58    147
 12   17,9   25,3  15:50   11,6  07:21    0,5    0,0    0,0    0,5   49,5  07:25    152
 13   19,8   25,9  14:03   14,2  03:53    0,0    1,4    0,0    0,4   51,1  20:36    145
 14   20,9   25,5  12:58   17,6  06:08    0,0    2,6    0,0    0,4   51,1  20:13    144
 15   19,0   27,2  14:09   15,3  04:55    0,0    0,6   11,4    0,5   51,1  18:47    155
 16   18,5   26,3  13:39   15,4  02:24    0,0    0,2    2,1    0,6   51,1  17:45    142
 17   13,2   17,3  15:53    8,1  23:56    5,1    0,0   12,4    0,6   51,1  21:30    133
 18   12,3   21,9  14:20    4,9  06:00    6,1    0,0    0,0    0,4   51,1  03:28    110
 19   13,5   24,6  14:39    6,1  06:59    4,8    0,0    0,0    0,5   51,0  18:40    305
 20   11,9   20,8  14:11    3,6  06:31    6,4    0,0    0,0    0,4   51,1  08:16    137
 21   13,5   19,5  15:29    9,0  07:28    4,8    0,0    0,0    0,7   51,1  21:15    157
 22   13,0   18,6  14:26    9,0  06:01    5,3    0,0    0,0    0,5    5,1  13:22    157
 23   13,6   19,7  14:12    8,2  07:06    4,7    0,0    0,0    0,3   49,5  19:17    103
 24   13,5   16,5  12:54   11,2  06:59    4,9    0,0    0,0    0,1    2,2  14:58     10
 25   13,6   18,4  15:40    9,7  06:19    4,7    0,0    0,5    0,2   51,1  22:31    113
 26   14,8   21,0  14:08   10,8  04:19    3,6    0,0    0,0    0,6    6,1  15:34    162
 27   13,5   17,3  14:23   10,1  23:06    4,8    0,0    1,0    0,4   49,5  04:51     91
 28   12,4   16,4  14:26   10,1  07:03    6,0    0,0    0,5    0,2   51,1  08:48     89
 29   12,2   15,9  14:44    9,8  07:02    6,2    0,0    6,2    0,3   51,1  14:03    114
 30   13,0   15,5  11:25   11,1  07:46    5,3    0,0    3,1    0,2    2,8  00:50    121
---------------------------------------------------------------------------------------
      16,4   28,4     06    3,6     20   75,8   19,3   55,9    0,4   51,1     01    133
    

