                   MONTHLY CLIMATOLOGICAL SUMMARY for giu 2017


NAME: Feltre, Italy                  
ELEV: 300 meters    LAT: 46-02.10 N    LONG: 011-56.55 E


                   TEMPERATURE (C), RAIN (mm), WIND SPEED (m/s)

                                         HEAT   COOL         AVG
      MEAN                               DEG    DEG          WIND                   DOM
DAY   TEMP   HIGH   TIME    LOW   TIME   DAYS   DAYS   RAIN  SPEED   HIGH   TIME    DIR
---------------------------------------------------------------------------------------
 01
 02
 03
 04
 05
 06
 07
 08
 09
 10
 11
 12
 13
 14
 15
 16
 17
 18
 19
 20
 21
 22
 23   29,0   32,2  14:08   24,2  23:08    0,0   10,7    0,0    0,5    1,0  12:08    194
 24   26,4   31,5  13:08   21,5  03:08    0,0    8,0    0,0    0,3    1,0  11:08    131
 25   20,7   23,9  20:04  -19,0  18:59    0,0    2,4   69,9    0,3   49,5  17:32    251
 26   21,9   29,1  13:35   15,0  03:03    0,0    3,6    0,0    0,6   49,5  00:36    154
 27   21,8   27,6  15:28   17,8  05:39    0,0    3,5    0,0    0,1   49,5  01:14    231
 28   19,7   28,1  13:10   14,1  23:55    0,0    1,4   16,6    0,6   51,1  15:51    291
 29   17,9   25,1  16:27   13,6  03:32    0,4    0,0    5,7    0,7   49,5  00:25    200
 30   17,9   23,3  13:28   11,3  05:48    0,4    0,0    3,6    0,8   49,5  00:21    192
---------------------------------------------------------------------------------------
      21,5   32,2     23  -19,0     25    0,8   29,6   95,8    0,5   51,1     28    195
    

