                   MONTHLY CLIMATOLOGICAL SUMMARY for ott 2022


NAME: Stazione meteo di Vellai - Feltre                  
ELEV: 315 meters    LAT: 46-02.10 N    LONG: 011-56.55 E


                   TEMPERATURE (C), RAIN (mm), WIND SPEED (m/s)

                                         HEAT   COOL         AVG
      MEAN                               DEG    DEG          WIND                   DOM
DAY   TEMP   HIGH   TIME    LOW   TIME   DAYS   DAYS   RAIN  SPEED   HIGH   TIME    DIR
---------------------------------------------------------------------------------------
 01   14,1   18,9  15:51   11,2  08:24    4,2    0,0    0,0    0,3   51,1  21:59     88
 02   15,2   21,6  15:06   11,2  06:00    3,1    0,0    0,0    0,5   51,1  02:40    199
 03   16,2   23,5  14:35   10,7  07:06    2,2    0,0    0,0    0,4    3,7  12:11    149
 04   14,0   18,5  16:58   11,4  22:02    4,3    0,0    0,0    0,1   51,1  19:28     83
 05   14,8   21,0  15:02   11,2  02:50    3,6    0,0    0,0    0,3    4,4  14:28    128
 06   15,9   23,9  15:19   11,0  23:56    2,4    0,0    0,0    0,3   51,1  20:35    100
 07   14,2   23,7  16:53    7,5  07:52    4,1    0,0    0,0    0,2   51,1  01:59     83
 08   14,2   23,0  15:07    7,6  06:38    4,2    0,0    0,0    0,3   51,1  21:02    105
 09   15,5   23,0  14:24   11,3  05:54    2,8    0,0    0,0    0,0   51,1  21:32    338
 10   14,1   19,3  15:30    9,8  06:40    4,2    0,0    0,0    0,0   51,1  00:53    337
 11   13,4   22,5  15:21    7,3  07:41    5,0    0,0    0,0    0,0   51,1  20:50    338
 12   13,9   22,1  16:32    7,8  07:33    4,4    0,0    0,0    0,0   51,1  20:10    337
 13   13,9   21,9  15:43    8,4  06:50    4,4    0,0    0,0    0,0    0,0  00:00     90
 14   13,3   21,6  14:38    7,3  08:07    5,0    0,0    0,0    0,0   51,1  06:20    336
 15   14,5   21,8  14:29    8,8  07:41    3,9    0,0    0,0    0,1   51,1  21:31    196
 16   15,6   21,6  14:25   11,3  23:51    2,7    0,0    0,0    0,1   51,1  20:29    320
 17   14,8   23,2  16:05   10,1  02:20    3,6    0,0    0,0    0,3   51,1  00:18     42
 18   13,8   22,7  16:49    7,9  07:16    4,5    0,0    0,0    0,3   51,1  00:43    335
 19   14,3   24,2  15:59    7,7  07:52    4,0    0,0    0,0    0,2   51,1  02:01     75
 20   13,6   20,9  14:03    7,9  08:03    4,7    0,0    0,0    0,2   51,1  01:05     43
 21   13,4   17,3  14:52   10,3  07:19    4,9    0,0    0,0    0,1   51,1  17:01    359
 22   13,8   17,6  16:41   12,3  23:40    4,5    0,0    6,2    0,3   50,3  21:12    258
 23   14,3   19,4  14:17   11,6  08:01    4,1    0,0    0,0    0,3   51,1  13:42    220
 24   14,2   19,3  15:49   10,3  04:33    4,1    0,0    2,1    0,2   49,5  10:05    111
 25   15,4   21,3  15:38   11,1  23:57    2,9    0,0    5,7    0,3   51,1  20:57    187
 26   14,7   22,3  15:12   11,0  23:59    3,7    0,0    0,0    0,2   51,1  20:49    179
 27   12,8   21,4  15:07    8,5  07:02    5,5    0,0    0,0    0,2   51,1  10:50     92
 28   12,7   21,9  16:24    6,5  07:43    5,6    0,0    0,0    0,1   51,1  23:37     84
 29   13,0   23,3  16:35    6,6  08:04    5,3    0,0    0,0    0,1   51,1  00:38     95
 30   13,3   22,6  14:37    7,3  06:53    5,0    0,0    0,0    0,1   51,1  04:21    113
 31   12,8   21,6  14:10    7,0  06:07    5,5    0,0    0,0    0,1   49,5  08:48    101
---------------------------------------------------------------------------------------
      14,2   24,2     19    6,5     28  128,6    0,0   14,0    0,2   51,1     01    102
    

