                   MONTHLY CLIMATOLOGICAL SUMMARY for dic 2023


NAME: Stazione meteo di Vellai - Feltre                  
ELEV: 315 meters    LAT: 46-02.10 N    LONG: 011-56.55 E


                   TEMPERATURE (C), RAIN (mm), WIND SPEED (m/s)

                                         HEAT   COOL         AVG
      MEAN                               DEG    DEG          WIND                   DOM
DAY   TEMP   HIGH   TIME    LOW   TIME   DAYS   DAYS   RAIN  SPEED   HIGH   TIME    DIR
---------------------------------------------------------------------------------------
 01    1,6    3,6  23:47    0,3  00:01   16,7    0,0    6,2    0,2   51,1  12:20     72
 02    5,6   11,2  12:30    2,5  23:39   12,7    0,0   11,4    0,9   51,1  10:12    253
 03    1,1    7,3  12:45   -3,1  23:15   17,3    0,0    0,0    0,4   51,1  22:55    112
 04   -2,1    0,3  14:11   -4,7  08:02   20,4    0,0    0,0    0,2   51,1  17:52    243
 05    0,0    2,6  14:47   -1,8  00:07   18,3    0,0    0,5    0,2   51,1  10:41    265
 06    0,7    5,3  14:30   -2,2  07:57   17,7    0,0    0,0    0,6   51,1  10:03    313
 07   -2,7    1,5  14:17   -5,0  22:34   21,0    0,0    0,0    0,3   51,1  11:38     52
 08   -1,9    0,9  14:23   -5,2  02:47   20,3    0,0    0,0    0,5   51,1  13:12    327
 09    1,0    6,8  13:03   -2,7  07:57   17,4    0,0    0,0    0,4   50,7  17:55    328
 10    1,8    7,1  14:35   -1,1  23:36   16,5    0,0    0,5    0,5   51,1  20:59    113
 11    0,1    5,3  13:43   -2,5  08:08   18,2    0,0    0,0    0,6   51,1  22:09     29
 12    0,7    5,9  14:44   -3,5  07:05   17,6    0,0    0,0    0,5   51,1  10:33    340
 13    3,4    4,3  15:49    2,4  01:42   15,0    0,0    4,1    0,3   51,1  01:29    311
 14    4,5    9,9  14:16   -0,6  23:56   13,8    0,0    0,0    0,4   51,1  10:38    272
 15    0,2    6,8  15:02   -2,7  05:20   18,1    0,0    0,0    0,3   51,1  00:19     86
 16   -0,5    7,3  14:21   -4,4  07:42   18,8    0,0    0,0    0,2   50,3  21:51    163
 17    0,2    7,8  14:58   -4,4  07:48   18,2    0,0    0,0    0,2   49,5  02:28    232
 18    1,4   10,4  15:11   -3,3  06:12   17,0    0,0    0,0    0,2   50,7  20:08    174
 19    1,6   10,7  14:55   -3,6  06:49   16,7    0,0    0,0    0,2   51,1  00:14    164
 20   -0,7    4,0  15:44   -3,1  05:12   19,0    0,0    0,0    0,3   51,1  10:59    197
 21   -0,8    4,4  13:30   -4,7  08:18   19,2    0,0    0,0    0,2   49,5  04:09    246
 22    4,8   15,6  14:51   -1,9  00:00   13,5    0,0    0,0    0,9   51,0  17:19    222
 23    6,1   17,2  15:06   -0,8  07:48   12,2    0,0    0,0    1,6   50,3  15:17    263
 24    3,2   10,8  13:35   -2,4  08:48   15,1    0,0    0,0    0,2   49,5  22:19     25
 25    4,1   10,9  14:31   -0,3  05:05   14,2    0,0    0,0    0,3   51,0  12:01    107
 26    5,7    7,5  14:33    3,9  23:58   12,6    0,0    0,0    0,3   51,1  20:22    324
 27    3,5    8,6  14:40   -0,4  08:13   14,8    0,0    0,0    0,4   51,1  09:27    317
 28    4,9    8,8  12:48    2,7  21:55   13,4    0,0    0,0    0,5   50,7  20:17     63
 29    2,9    8,4  14:01   -1,7  07:53   15,5    0,0    0,0    0,4   50,3  19:23    188
 30    2,6    8,6  14:07   -1,3  08:04   15,7    0,0    0,0    0,4   50,7  21:10    338
 31    2,0    4,3  13:00   -0,4  03:21   16,3    0,0    4,1    0,2   51,1  18:32    111
---------------------------------------------------------------------------------------
       1,8   17,2     23   -5,2     08  513,1    0,0   26,9    0,4   51,1     01    307
    

