                   MONTHLY CLIMATOLOGICAL SUMMARY for ago 2023


NAME: Stazione meteo di Vellai - Feltre                  
ELEV: 315 meters    LAT: 46-02.10 N    LONG: 011-56.55 E


                   TEMPERATURE (C), RAIN (mm), WIND SPEED (m/s)

                                         HEAT   COOL         AVG
      MEAN                               DEG    DEG          WIND                   DOM
DAY   TEMP   HIGH   TIME    LOW   TIME   DAYS   DAYS   RAIN  SPEED   HIGH   TIME    DIR
---------------------------------------------------------------------------------------
 01   20,1   24,4  14:11   16,9  23:44    0,0    1,7    5,2    0,4    5,0  19:16     83
 02   20,0   25,1  14:39   15,4  04:02    0,0    1,7    0,0    0,2   51,1  20:02     64
 03   22,7   28,3  13:44   18,6  05:46    0,0    4,3    0,0    0,7   49,5  05:39    135
 04   19,6   25,6  11:41   16,1  23:59    0,0    1,3    0,0    0,8   51,1  21:06    245
 05   16,4   18,5  14:50   14,8  07:00    1,9    0,0    2,1    0,3   51,0  04:25    215
 06   18,1   25,3  12:57   13,6  23:54    0,2    0,0    0,0    0,5   51,1  00:37    118
 07   17,1   25,8  14:37   10,3  05:25    1,3    0,0    0,0    0,4   49,5  15:04     85
 08   16,2   24,4  14:54    8,0  06:12    2,1    0,0    0,0    0,5   49,5  08:58    155
 09   18,6   24,9  15:56   13,4  03:46    0,0    0,3    0,0    0,3   49,5  04:24     90
 10   20,7   25,4  14:44   16,9  04:21    0,0    2,4    0,0    0,4   50,3  20:20    123
 11   22,1   29,3  15:24   15,0  06:19    0,0    3,7    0,0    0,5   51,1  20:29    122
 12   22,3   29,3  15:02   15,5  06:20    0,0    3,9    0,0    0,4   49,5  20:11    112
 13   24,1   32,9  14:56   17,2  06:25    0,0    5,8    0,0    0,4   49,5  04:55    117
 14   23,4   31,6  13:55   15,9  05:57    0,0    5,1    0,0    0,5   51,0  18:59    131
 15   24,2   31,8  15:17   17,3  05:49    0,0    5,9    0,0    0,5   51,1  06:42    123
 16   23,7   32,5  14:43   16,9  06:34    0,0    5,4    6,2    0,6   51,0  15:34     46
 17   21,8   31,1  15:00   16,2  05:35    0,0    3,4    0,0    0,5   49,5  03:47    107
 18   22,6   32,3  15:41   15,5  05:29    0,0    4,3    0,0    0,4   50,3  14:44    133
 19   24,3   33,1  14:51   17,0  06:30    0,0    5,9    0,0    0,4   49,5  05:38    121
 20   24,9   33,0  16:12   17,8  05:47    0,0    6,6    0,0    0,4   49,5  03:52    120
 21   25,9   35,3  14:36   18,4  06:11    0,0    7,5    0,0    0,3   51,1  20:11     86
 22   26,1   35,4  15:21   18,8  06:25    0,0    7,8    0,0    0,4   51,1  22:38    124
 23   24,3   34,5  13:40   17,8  06:28    0,0    6,0    4,1    0,5   51,1  00:14    258
 24   25,1   34,8  15:01   18,4  06:04    0,0    6,8    0,0    0,4   51,1  22:20     98
 25   25,3   33,6  14:06   18,2  06:57    0,0    7,0    0,0    0,5   51,1  19:53    129
 26   25,3   33,0  12:32   18,8  06:19    0,0    7,0    0,0    0,6   51,1  00:50    170
 27   23,4   30,9  13:30   18,8  04:43    0,0    5,1    0,0    0,3   49,5  12:44    174
 28   18,3   21,4  16:26   13,5  23:50    0,1    0,0   47,7    0,8   12,9  05:56    234
 29   16,2   21,3  15:18   12,4  02:00    2,1    0,0    3,1    0,4   51,1  21:36    161
 30   16,5   21,2  15:41   -7,0  21:27    1,9    0,0    1,0    0,2   49,5  04:46     56
 31   17,7   23,7  14:54   13,0  06:53    0,6    0,0    0,0    0,5   51,1  13:04    113
---------------------------------------------------------------------------------------
      21,5   35,4     22   -7,0     30   10,2  108,8   69,4    0,4   51,1     02    125
    

