                   MONTHLY CLIMATOLOGICAL SUMMARY for mag 2017


NAME: Feltre, Italy                  
ELEV: 300 meters    LAT: 46-02.10 N    LONG: 011-56.55 E


                   TEMPERATURE (C), RAIN (mm), WIND SPEED (m/s)

                                         HEAT   COOL         AVG
      MEAN                               DEG    DEG          WIND                   DOM
DAY   TEMP   HIGH   TIME    LOW   TIME   DAYS   DAYS   RAIN  SPEED   HIGH   TIME    DIR
---------------------------------------------------------------------------------------
 01
 02
 03
 04
 05
 06
 07
 08
 09
 10
 11
 12
 13
 14
 15
 16
 17
 18
 19
 20
 21
 22
 23
 24
 25
 26  -11,7   21,2  19:17  -18,9  00:58   30,0    0,0    0,0    8,6   51,0  00:09      1
 27   20,4   26,8  14:08   13,2  02:14    0,0    2,0    0,0    0,4   49,5  01:35    149
 28   21,3   27,9  16:17   13,8  05:27    0,0    2,9    0,0    0,5    5,8  12:34    139
 29   21,0   28,0  15:07   13,3  05:56    0,0    2,7    0,0    0,4   49,5  17:09    149
 30   21,4   28,1  13:59   14,3  05:49    0,0    3,1    0,0    0,5   49,5  03:54    177
 31   21,4   27,4  12:21   15,9  06:06    0,0    3,1    0,0    0,5   46,3  02:01    166
---------------------------------------------------------------------------------------
      15,6   28,1     30  -18,9     26   30,0   13,9    0,0   10,0   51,0     24      1
    

