                   MONTHLY CLIMATOLOGICAL SUMMARY for lug 2017


NAME: sudo nano /home/weewx/weewx.conf                  
ELEV: 315 meters    LAT: 46-02.10 N    LONG: 011-56.55 E


                   TEMPERATURE (C), RAIN (mm), WIND SPEED (m/s)

                                         HEAT   COOL         AVG
      MEAN                               DEG    DEG          WIND                   DOM
DAY   TEMP   HIGH   TIME    LOW   TIME   DAYS   DAYS   RAIN  SPEED   HIGH   TIME    DIR
---------------------------------------------------------------------------------------
 01
 02
 03
 04
 05
 06
 07
 08
 09
 10
 11
 12
 13
 14
 15
 16
 17
 18
 19
 20
 21
 22
 23
 24   15,6   16,6  20:24   15,2  23:24    2,7    0,0    0,0    0,0    0,0  20:24     90
 25   16,8   25,1  13:24   12,4  23:24    1,6    0,0    2,1    0,4    2,0  11:24    149
 26   16,2   22,9  16:24    9,6  05:24    2,1    0,0    0,0    0,0    1,0  10:24     45
 27   20,1   26,8  13:24   13,1  05:24    0,0    1,8    0,0    0,0    1,0  14:24    158
 28   21,6   28,1  15:24   14,6  05:24    0,0    3,2    0,0    0,3    2,0  12:24    132
 29   23,4   29,7  15:24   17,8  02:24    0,0    5,1    0,0    2,1   49,0  12:24     91
 30   22,4   28,7  14:24   17,4  05:24    0,0    4,1    4,1    0,3    2,0  17:24    206
 31   24,2   31,0  14:24   17,3  05:24    0,0    5,8    0,0    0,3   49,5  20:03    109
---------------------------------------------------------------------------------------
      20,5   31,0     31    9,6     26    6,4   20,0    6,2    0,5   49,5     31     99
    

