                   MONTHLY CLIMATOLOGICAL SUMMARY for gen 2023


NAME: Stazione meteo di Vellai - Feltre                  
ELEV: 315 meters    LAT: 46-02.10 N    LONG: 011-56.55 E


                   TEMPERATURE (C), RAIN (mm), WIND SPEED (m/s)

                                         HEAT   COOL         AVG
      MEAN                               DEG    DEG          WIND                   DOM
DAY   TEMP   HIGH   TIME    LOW   TIME   DAYS   DAYS   RAIN  SPEED   HIGH   TIME    DIR
---------------------------------------------------------------------------------------
 01    4,6   11,1  14:18    0,2  08:26   13,8    0,0    0,0    3,8   51,1  17:41    179
 02    4,0    7,2  14:13   -0,1  04:50   14,3    0,0    0,0   23,6   51,0  04:52    325
 03    6,5   10,4  14:36    2,9  23:37   11,8    0,0    0,0   29,4   51,0  18:01    338
 04    3,0    9,6  14:58   -1,1  06:04   15,3    0,0    0,0    4,4   51,1  19:24    180
 05    3,2   10,2  15:55   -0,1  08:04   15,1    0,0    0,0    7,9   51,1  20:15    180
 06    0,9    5,9  16:11   -1,4  23:34   17,4    0,0    0,0    2,7   51,1  01:10    175
 07    2,0    4,8  15:46   -1,9  00:31   16,3    0,0    0,0    8,5   51,1  01:40    330
 08    3,7    5,9  11:46    2,1  04:06   14,6    0,0    6,2   37,7   50,7  12:17    317
 09    4,5    6,4  19:05    2,9  23:47   13,9    0,0    5,2   17,0   25,5  01:00    338
 10    3,6   14,4  14:54   -1,7  07:29   14,8    0,0    0,0    8,1   51,0  08:08    178
 11    1,1    6,8  13:15   -3,5  07:03   17,2    0,0    0,0    0,3   51,0  05:07    142
 12    0,7    4,4  15:38   -1,9  08:08   17,7    0,0    0,0   14,4   51,0  03:15    237
 13    0,9    6,3  15:13   -1,9  23:55   17,4    0,0    0,0   17,9   51,0  23:51    180
 14   -0,1    7,1  15:36   -4,2  06:57   18,4    0,0    0,0    0,5   51,1  10:22    320
 15    1,2    3,8  14:26   -1,6  01:41   17,2    0,0    2,6   36,1   49,5  01:57    180
 16    2,8    6,1  13:53    0,1  22:54   15,5    0,0    1,0   28,1   51,1  18:24    332
 17    1,2    2,6  12:39    0,1  07:54   17,1    0,0    1,6   25,5   25,5  00:48    338
 18    1,5    4,9  14:59   -0,1  20:46   16,8    0,0    0,0   38,5   49,5  18:09    266
 19   -0,5    1,8  12:57   -2,2  23:37   18,8    0,0    0,0   44,7   49,5  03:29    196
 20   -1,1    2,9  13:37   -4,1  23:50   19,5    0,0    0,0    5,4   51,0  15:55    179
 21   -2,3    3,8  14:37   -7,5  08:02   20,6    0,0    0,0    0,5   51,0  14:44    322
 22    1,1    6,3  14:47   -1,2  07:00   17,2    0,0    0,0    5,4   51,0  18:31    319
 23    1,1    2,2  19:52   -0,1  00:03   17,2    0,0    9,3    1,5   51,0  13:23    267
 24    2,5    5,9  15:19   -0,1  04:58   15,9    0,0    0,0   34,9   49,5  13:25    284
 25    3,5    8,6  15:43    0,3  23:15   14,9    0,0    0,0    0,5   51,1  22:46    130
 26    2,3    7,6  14:17   -0,1  07:13   16,1    0,0    0,0    0,4   49,5  00:18    155
 27    1,2    4,9  15:26   -1,4  21:32   17,2    0,0    0,0    0,2   51,0  05:04    162
 28   -0,7    3,3  14:38   -4,1  06:58   19,0    0,0    0,0    0,3   51,0  14:27     17
 29    0,8    8,0  14:19  -18,9  11:17   17,5    0,0    0,0    0,2   50,3  00:19    117
 30   -0,7    6,8  14:50   -5,2  07:28   19,0    0,0    0,0    0,3   49,5  03:38    110
 31    0,1    9,9  15:50   -6,4  08:21   18,2    0,0    0,0    0,4   50,7  08:31    121
---------------------------------------------------------------------------------------
       1,7   14,4     10  -18,9     29  515,7    0,0   25,9    7,2   51,1     01    235
    

