                   MONTHLY CLIMATOLOGICAL SUMMARY for mag 2024


NAME: Stazione meteo di Vellai - Feltre                  
ELEV: 315 meters    LAT: 46-02.10 N    LONG: 011-56.55 E


                   TEMPERATURE (C), RAIN (mm), WIND SPEED (m/s)

                                         HEAT   COOL         AVG
      MEAN                               DEG    DEG          WIND                   DOM
DAY   TEMP   HIGH   TIME    LOW   TIME   DAYS   DAYS   RAIN  SPEED   HIGH   TIME    DIR
---------------------------------------------------------------------------------------
 01   14,0   17,9  15:31   10,9  06:20    4,3    0,0    4,1    0,4   49,5  04:40    246
 02   11,1   12,1  14:25    9,0  23:51    7,2    0,0    1,0    0,5    5,1  07:12     83
 03   10,6   15,8  13:51    7,9  03:28    7,7    0,0    2,1    0,3   51,1  11:15     72
 04   13,4   21,4  17:41    9,9  05:00    4,9    0,0    1,0    0,3   49,9  12:38     78
 05   15,2   21,5  12:58    8,2  06:03    3,2    0,0    0,0    0,5   51,1  22:55    148
 06   14,0   19,4  11:06   10,3  03:24    4,3    0,0    0,0    0,3   51,1  22:00    177
 07   12,1   14,3  13:37    9,9  06:07    6,2    0,0    4,1    0,1    2,6  14:23     80
 08   14,5   19,8  14:46   10,8  06:09    3,8    0,0    0,5    0,4   51,1  20:26     67
 09   16,5   24,1  13:15    9,9  06:22    1,9    0,0    0,5    0,5   51,1  18:45    115
 10   17,2   23,5  15:32   11,6  06:51    1,1    0,0    3,1    0,5   51,0  21:28    126
 11   18,0   23,9  13:54   10,5  05:58    0,3    0,0    0,0    0,6   49,5  13:46    149
 12   17,0   24,4  12:33   12,2  06:04    1,3    0,0    1,0    0,6    7,0  18:50    169
 13   14,3   18,5  12:32   12,3  03:28    4,0    0,0    2,1    0,3   51,1  13:24    140
 14   15,2   20,3  14:08   12,6  01:42    3,2    0,0    1,5    0,2   51,1  22:57     35
 15   12,8   13,8  15:20   11,4  23:53    5,6    0,0   13,0    0,3   51,0  16:01     44
 16   13,3   18,1  14:01   11,0  23:50    5,1    0,0    9,3    0,8   51,0  07:25    244
 17   13,6   19,9  17:05    8,9  05:45    4,7    0,0    0,0    0,4    5,0  13:03    104
 18   15,0   22,9  17:05    7,6  04:47    3,4    0,0    0,0    0,5    5,0  13:56    112
 19   16,3   23,1  16:07    8,9  05:42    2,0    0,0    0,0    0,5   51,1  22:42    164
 20   17,8   24,8  14:09   10,4  04:39    0,5    0,0    0,0    0,4   51,0  16:22    169
 21   14,9   16,3  18:27   13,8  23:37    3,5    0,0   17,6    0,2   51,1  21:01    254
 22   14,7   22,2  12:52   11,5  23:05    3,7    0,0    4,1    0,2    4,7  12:26     91
 23   13,8   20,9  12:34   10,1  23:56    4,5    0,0    3,1    0,5   51,0  06:59     72
 24   14,8   21,0  16:22    9,6  01:32    3,6    0,0    4,7    0,5   50,3  18:15    104
 25   14,8   21,8  17:04   11,1  23:58    3,6    0,0    4,2    0,7   51,1  12:15    265
 26   16,9   25,8  13:54    7,9  05:37    1,5    0,0    0,0    0,3   49,5  08:42    170
 27   17,4   25,6  13:41    9,9  05:34    0,9    0,0    0,5    0,0   51,0  02:53    263
 28   16,6   22,6  18:00   12,9  23:57    1,7    0,0    5,2    0,3   51,1  11:47     21
 29   17,7   24,1  15:52   10,9  04:41    0,6    0,0    0,0    0,6   50,7  12:43    158
 30   15,2   17,2  18:48   14,0  05:31    3,2    0,0    9,3    0,3   51,1  22:44     27
 31   13,7   16,8  17:11   10,9  23:58    4,7    0,0    4,1    0,7   49,5  17:31    257
---------------------------------------------------------------------------------------
      14,9   25,8     26    7,6     18  105,9    0,0   96,3    0,4   51,1     03    138
    

