                   MONTHLY CLIMATOLOGICAL SUMMARY for apr 2022


NAME: Stazione meteo di Vellai - Feltre                  
ELEV: 315 meters    LAT: 46-02.10 N    LONG: 011-56.55 E


                   TEMPERATURE (C), RAIN (mm), WIND SPEED (m/s)

                                         HEAT   COOL         AVG
      MEAN                               DEG    DEG          WIND                   DOM
DAY   TEMP   HIGH   TIME    LOW   TIME   DAYS   DAYS   RAIN  SPEED   HIGH   TIME    DIR
---------------------------------------------------------------------------------------
 01    7,3    8,8  16:05    5,7  23:59   11,0    0,0    2,1    0,5   51,1  03:10    232
 02    4,9    7,5  17:51    3,3  23:02   13,4    0,0    0,0    0,6   50,3  22:45     77
 03    5,1   10,6  12:07    1,3  07:04   13,3    0,0    0,0    0,7   49,5  01:41    187
 04    6,0   10,4  16:39    3,0  06:05   12,3    0,0    0,0    0,7   51,0  22:05    153
 05    6,6   14,3  15:13   -1,4  06:51   11,7    0,0    0,0    0,7   49,5  05:27    160
 06    7,3   11,8  16:35    2,5  03:17   11,0    0,0    0,0    0,3   49,5  00:21     86
 07   10,0   16,5  14:23    3,9  05:12    8,3    0,0    0,0    0,7   50,3  21:28    129
 08   10,5   18,6  15:55    3,3  06:05    7,8    0,0    0,0    0,8   51,1  07:31    116
 09    9,4   15,6  10:41    1,2  23:59    8,9    0,0    1,0    1,0   51,1  17:06     90
 10    6,3   14,5  16:32   -2,5  06:39   12,0    0,0    0,0    1,0   49,5  00:33    155
 11    7,7   15,2  15:01   -0,2  06:22   10,6    0,0    0,0    0,9   50,3  21:19    152
 12    9,5   17,3  15:01    0,9  06:45    8,9    0,0    0,0    0,7   49,5  01:54    146
 13   11,7   19,5  15:15    3,4  06:52    6,7    0,0    0,0    0,6   50,3  23:15    133
 14   14,0   23,6  15:01    4,1  06:47    4,3    0,0    0,0    0,7   49,5  03:55    150
 15   14,4   22,9  15:03    5,9  05:53    3,9    0,0    0,0    0,5   49,1  01:56    120
 16   12,4   20,6  11:21    5,8  05:37    5,9    0,0    0,0    0,9   51,0  11:33    150
 17    9,5   15,9  14:36    2,4  05:55    8,8    0,0    0,0    0,8   49,5  03:38    142
 18    8,9   15,7  13:53    0,8  06:01    9,4    0,0    0,0    1,1   49,5  00:15    156
 19    9,2   16,1  13:26    0,9  06:21    9,1    0,0    0,0    0,9   50,3  22:10    151
 20   10,6   14,2  13:41    7,6  06:11    7,8    0,0    0,0    0,6   50,3  20:36    153
 21   10,4   14,0  13:07    7,6  06:00    7,9    0,0    0,0    0,3   49,5  07:03    128
 22    9,9   14,1  17:54    6,9  06:03    8,4    0,0    1,0    0,4   49,5  07:41    240
 23   11,3   15,8  16:41    8,3  05:38    7,0    0,0    4,2    0,6   50,3  13:38    161
 24    9,6   12,8  16:21    7,4  23:55    8,7    0,0    0,0    0,5   50,3  13:07    174
 25   10,9   16,3  12:20    5,8  04:16    7,4    0,0    0,0    0,6   50,7  22:42    154
 26   11,2   14,1  14:32    9,8  07:27    7,1    0,0    4,1    0,3   49,5  10:57     84
 27   13,0   19,2  16:31    7,6  06:42    5,4    0,0    0,0    1,0   49,5  06:55    186
 28   14,0   20,3  13:41    6,8  06:34    4,4    0,0    0,0    0,6   49,5  00:53    151
 29   14,9   20,9  12:27    7,6  06:18    3,4    0,0    0,0    0,8   49,5  01:29    152
 30   14,0   21,2  13:08    6,1  06:10    4,3    0,0    0,0    0,9   50,7  21:57    191
---------------------------------------------------------------------------------------
      10,0   23,6     14   -2,5     10  249,1    0,0   12,4    0,7   51,1     01    149
    

