                   MONTHLY CLIMATOLOGICAL SUMMARY for apr 2024


NAME: Stazione meteo di Vellai - Feltre                  
ELEV: 315 meters    LAT: 46-02.10 N    LONG: 011-56.55 E


                   TEMPERATURE (C), RAIN (mm), WIND SPEED (m/s)

                                         HEAT   COOL         AVG
      MEAN                               DEG    DEG          WIND                   DOM
DAY   TEMP   HIGH   TIME    LOW   TIME   DAYS   DAYS   RAIN  SPEED   HIGH   TIME    DIR
---------------------------------------------------------------------------------------
 01
 02
 03
 04
 05
 06
 07
 08
 09
 10
 11
 12
 13
 14
 15
 16
 17
 18
 19
 20   11,6   16,6  15:26    3,8  23:59    6,7    0,0    0,0    1,3   50,7  20:34    207
 21    6,0   13,6  12:03   -1,3  06:29   12,3    0,0    0,0    0,8   50,7  22:19    243
 22    5,0    8,9  12:52    2,1  21:43   13,4    0,0    7,8    0,6   51,1  15:24    255
 23    4,7   12,5  17:38    0,0  10:14   13,6    0,0    8,3    1,5   51,1  12:51    260
 24    6,9   11,4  15:34    4,5  06:29   11,4    0,0    2,1    0,4   51,1  20:30    328
 25    7,4   13,3  12:37    1,9  06:02   10,9    0,0    0,0    0,6   50,7  21:52    143
 26    8,6   13,5  12:43    3,5  01:24    9,7    0,0    0,0    0,5   50,7  22:59    147
 27   10,6   16,0  15:13    6,7  05:46    7,8    0,0    0,0    0,7   51,1  21:03    255
 28   12,5   21,6  16:52    7,1  03:37    5,8    0,0    0,0    0,4   51,1  00:05     38
 29   15,3   25,6  15:42    5,2  06:09    3,1    0,0    0,0    0,4   50,7  14:28     66
 30   17,8   26,9  16:57    8,2  06:07    0,5    0,0    0,0    0,5   51,1  07:03     79
---------------------------------------------------------------------------------------
       9,6   26,9     30   -1,3     21   95,3    0,0   18,1    0,7   51,1     22    242
    

