                   MONTHLY CLIMATOLOGICAL SUMMARY for ago 2024


NAME: Stazione meteo di Vellai - Feltre                  
ELEV: 315 meters    LAT: 46-02.10 N    LONG: 011-56.55 E


                   TEMPERATURE (C), RAIN (mm), WIND SPEED (m/s)

                                         HEAT   COOL         AVG
      MEAN                               DEG    DEG          WIND                   DOM
DAY   TEMP   HIGH   TIME    LOW   TIME   DAYS   DAYS   RAIN  SPEED   HIGH   TIME    DIR
---------------------------------------------------------------------------------------
 01   22,4   31,4  14:29   17,6  05:35    0,0    4,0    7,2    0,5   49,5  15:54    347
 02   21,8   29,7  14:41   16,9  04:15    0,0    3,5    0,0    0,4   51,1  14:06     34
 03   22,3   30,0  14:18   16,8  06:34    0,0    4,0    0,0    0,4   51,1  16:29     48
 04   22,5   31,3  13:30   17,8  06:46    0,0    4,2    1,0    0,3   51,1  23:19     26
 05   23,7   29,8  16:59   19,4  04:44    0,0    5,4    0,0    0,4   51,1  12:09     63
 06   25,1   30,4  13:43   20,4  05:14    0,0    6,8    0,0    0,5   51,1  00:25     40
 07   22,1   31,8  15:06   16,8  23:43    0,0    3,8    6,7    0,6   51,1  05:40    353
 08   22,1   31,4  15:12   14,6  04:38    0,0    3,7    0,0    0,3   50,3  20:00     51
 09   24,3   31,9  13:19   17,1  06:21    0,0    6,0    0,0    0,3   51,1  06:06     30
 10   25,7   33,6  14:22   18,4  06:18    0,0    7,4    0,0    0,5   51,1  07:49     34
 11   26,1   34,5  14:27   18,5  05:39    0,0    7,8    0,0    0,5   51,1  00:30     40
 12   26,1   35,1  15:26   18,3  06:18    0,0    7,8    0,0    0,5   51,1  00:22     12
 13   25,6   34,3  13:36   19,4  06:23    0,0    7,3    0,0    0,8   51,1  03:50    330
 14   23,4   30,6  12:07   18,9  05:33    0,0    5,1    6,7    0,8   51,1  12:54    324
 15   22,9   31,3  17:29   16,8  04:36    0,0    4,6    0,0    0,0   51,1  20:45    310
 16   24,4   33,2  17:20   18,8  06:19    0,0    6,1    0,0    0,1   51,1  12:41    322
 17   24,6   33,3  14:17   17,6  06:24    0,0    6,3    0,0    0,2   51,1  16:44      9
 18   20,0   23,9  17:50   18,4  13:44    0,0    1,7    9,3    0,5   50,7  19:38    334
 19   18,9   21,6  13:29   17,3  02:39    0,0    0,5    2,6    0,2   25,5  12:25      4
 20   22,3   30,4  17:06   17,9  02:05    0,0    4,0    0,0    0,3   51,1  05:52     39
 21   23,9   32,3  14:16   18,0  07:12    0,0    5,6    0,0    0,5   51,0  16:20     49
 22   23,5   29,6  14:52   19,0  06:47    0,0    5,2    0,0    0,3   51,0  09:47     49
 23   23,6   30,7  15:15   16,9  06:01    0,0    5,2    0,0    0,4   51,1  00:29     47
 24   24,7   31,8  13:40   18,9  06:47    0,0    6,4    0,0    0,5   51,1  21:55     36
 25   24,4   32,4  15:02   17,9  06:06    0,0    6,1    0,0    0,2   51,1  12:46     48
 26   23,4   30,6  16:39   18,3  06:42    0,0    5,1    1,0    0,6   51,1  09:09    331
 27   19,5   27,3  11:58   16,1  06:37    0,0    1,2    0,0    0,0    1,1  11:15     77
 28
 29
 30
 31
---------------------------------------------------------------------------------------
      23,4   35,1     12   14,6     08    0,0  134,5   34,7    0,4   51,1     02     17
    

