                   MONTHLY CLIMATOLOGICAL SUMMARY for lug 2021


NAME: Stazione meteo di Vellai - Feltre                  
ELEV: 315 meters    LAT: 46-02.10 N    LONG: 011-56.55 E


                   TEMPERATURE (C), RAIN (mm), WIND SPEED (m/s)

                                         HEAT   COOL         AVG
      MEAN                               DEG    DEG          WIND                   DOM
DAY   TEMP   HIGH   TIME    LOW   TIME   DAYS   DAYS   RAIN  SPEED   HIGH   TIME    DIR
---------------------------------------------------------------------------------------
 01   19,5   27,4  13:40   11,1  05:31    0,0    1,1    0,0    0,6   51,1  02:19    237
 02   21,3   28,3  16:05   16,6  05:52    0,0    2,9    3,1    0,5   49,5  19:05    133
 03   20,7   28,3  15:46   15,3  04:36    0,0    2,4    0,0    0,4   51,1  23:02    175
 04   19,6   26,4  12:33   16,4  23:55    0,0    1,3    1,0    0,3   51,0  20:06    167
 05   17,5   26,6  11:17   14,5  06:42    0,8    0,0    0,0    0,1   51,1  06:14    294
 06
 07   24,0   26,4  20:30   21,9  23:56    0,0    5,7    0,0    0,8    9,7  23:54    256
 08   20,7   27,5  14:41   16,1  23:56    0,0    2,4   15,5    0,8   51,1  13:43    267
 09   20,9   28,4  14:49   14,9  02:14    0,0    2,6    0,0    0,5    5,9  17:21    174
 10   22,3   29,6  12:58   14,8  05:43    0,0    4,0    0,0    0,4   51,1  14:00    148
 11   22,0   30,4  14:58   15,4  04:50    0,0    3,6    0,0    0,3   51,1  09:53    158
 12   22,9   29,2  13:31   15,3  05:41    0,0    4,6    0,0    0,5   49,5  11:58    144
 13   20,4   27,9  11:18  -19,0  15:17    0,0    2,1    9,3    1,3   51,1  21:48    245
 14   17,3   23,4  13:27   13,1  04:38    1,1    0,0    0,0    0,6   51,1  00:22    256
 15   16,4   23,4  16:42   11,6  03:29    2,0    0,0    0,0    0,2    2,7  15:14    119
 16   18,8   24,6  14:29  -30,0  03:02    0,0    0,5    0,0    0,3    3,6  14:31    111
 17   18,6   23,5  19:43   14,3  06:10    0,0    0,3    0,0    0,2   51,1  22:17     83
 18   20,9   27,8  16:46   15,8  03:44    0,0    2,6    0,0    0,4   51,1  20:40    284
 19   23,4   32,3  15:34   15,9  05:32    0,0    5,1    0,0    0,4    5,3  18:17    191
 20   22,9   29,4  16:43   15,9  04:10    0,0    4,6    0,0    0,5    5,6  14:01    148
 21   23,9   29,3  16:25   18,3  05:29    0,0    5,6    0,0    0,6   51,1  07:51    160
 22   22,7   28,8  13:12   16,9  23:52    0,0    4,3    5,2    0,5   51,1  01:36    123
 23   21,8   29,9  15:20   15,9  02:53    0,0    3,4    0,0    0,4   51,1  23:44    127
 24   24,0   30,1  14:38   18,8  05:20    0,0    5,7    0,0    0,5   49,5  00:25    131
 25   21,4   29,9  16:16   16,4  23:41    0,0    3,0    2,1    0,4   49,5  06:13     52
 26   20,0   30,2  14:52  -18,9  17:17    0,0    1,6    0,0    0,4   51,1  19:44    122
 27   19,9   25,5  15:53   17,1  23:46    0,0    1,6    2,1    0,5   51,1  02:01    233
 28   19,7   28,9  15:28   15,6  03:25    0,0    1,4    1,0    0,4    5,9  16:20    135
 29   21,6   30,5  14:48   15,3  02:34    0,0    3,2    0,0    0,4   51,1  02:00    129
 30   22,6   29,7  14:55   16,5  06:10    0,0    4,2    0,0    0,3   49,5  07:02      1
 31   22,8   29,5  14:14   18,8  05:22    0,0    4,5    0,0    0,4   51,1  21:14    255
---------------------------------------------------------------------------------------
      21,0   32,3     19  -30,0     16    3,8   84,4   39,4    0,5   51,1     01    163
    

