                   MONTHLY CLIMATOLOGICAL SUMMARY for giu 2021


NAME: Stazione meteo di Vellai - Feltre                  
ELEV: 315 meters    LAT: 46-02.10 N    LONG: 011-56.55 E


                   TEMPERATURE (C), RAIN (mm), WIND SPEED (m/s)

                                         HEAT   COOL         AVG
      MEAN                               DEG    DEG          WIND                   DOM
DAY   TEMP   HIGH   TIME    LOW   TIME   DAYS   DAYS   RAIN  SPEED   HIGH   TIME    DIR
---------------------------------------------------------------------------------------
 01
 02
 03
 04   22,4   26,5  14:36   15,6  23:36    0,0    4,0    3,1    0,4    4,0  20:36     87
 05   19,4   27,4  16:36   14,1  03:36    0,0    1,0    0,0    0,3    2,0  19:36    174
 06   18,2   21,9  18:36   14,9  04:36    0,1    0,0    2,1    0,5    3,0  15:36    233
 07   18,3   21,8  10:36   14,5  05:36    0,1    0,0    0,0    0,3    2,0  15:36    270
 08   19,8   27,5  17:36   14,7  05:36    0,0    1,5    0,0    0,2    2,0  14:36    346
 09   20,0   27,2  15:36   15,1  04:36    0,0    1,7    0,0    0,2    3,0  15:36    253
 10   19,2   25,8  12:36   14,9  01:36    0,0    0,8    0,0    0,5    6,0  14:36    257
 11   19,0   24,6  18:32   14,3  03:36    0,0    0,7  100,0    0,3   49,5  22:25    283
 12   20,7   28,6  13:44   11,9  05:24    0,0    2,4    0,0    0,4   51,0  19:53    128
 13   22,0   29,7  13:59  -30,0  20:56    0,0    3,7    0,0    0,4   51,0  03:15    173
 14   21,9   26,3  11:59   16,4  05:43    0,0    3,6    0,0    0,7   49,5  02:44    148
 15   22,2   26,9  15:20   16,8  06:11    0,0    3,8    0,0    0,5   49,5  01:18    150
 16   21,9   29,4  16:11   15,0  05:19    0,0    3,6    0,0    0,5   49,5  00:20    130
 17   23,0   29,6  14:16   15,5  05:31    0,0    4,6    0,0    0,5   49,5  03:10    144
 18   21,8   28,2  16:40   16,8  05:29    0,0    3,5    3,1    0,5   49,9  02:23    104
 19   23,8   30,5  14:18   16,6  05:40    0,0    5,4    0,0    0,2   50,3  21:40    140
 20   24,2   30,6  15:51   18,1  05:26    0,0    5,9    0,0    0,4   49,5  03:33    159
 21   25,1   30,8  16:29   19,1  05:27    0,0    6,7    0,0    0,7   49,5  02:19    153
 22   24,2   30,1  15:38   17,6  05:52    0,0    5,9    0,0    0,7   49,5  05:26    166
 23   22,2   31,9  15:19   15,1  05:30    0,0    3,9    6,2    0,6   51,1  19:36    146
 24   22,5   30,5  16:13   14,6  05:12    0,0    4,2    0,0    0,7   51,0  17:32    188
 25   21,2   27,9  14:56   12,9  05:46    0,0    2,9    1,0    0,6    7,2  21:40    121
 26   20,5   29,2  16:17   11,9  05:23    0,0    2,1    0,0    0,5   50,7  15:01    137
 27   22,8   30,8  15:11   15,5  06:07    0,0    4,5    0,0    0,2    4,8  15:49    170
 28   23,9   31,5  15:21   15,6  05:54    0,0    5,6    0,0    0,5   49,5  04:44    150
 29   24,0   31,7  13:55   17,4  05:53    0,0    5,7    0,0    0,8   50,3  00:14    129
 30   20,8   27,8  15:04   14,7  23:59    0,0    2,5    0,0    0,8   49,5  04:29    169
---------------------------------------------------------------------------------------
      21,7   31,9     23  -30,0     13    0,2   90,1  115,5    0,5   51,1     23    156
    

