                   MONTHLY CLIMATOLOGICAL SUMMARY for mar 2023


NAME: Stazione meteo di Vellai - Feltre                  
ELEV: 315 meters    LAT: 46-02.10 N    LONG: 011-56.55 E


                   TEMPERATURE (C), RAIN (mm), WIND SPEED (m/s)

                                         HEAT   COOL         AVG
      MEAN                               DEG    DEG          WIND                   DOM
DAY   TEMP   HIGH   TIME    LOW   TIME   DAYS   DAYS   RAIN  SPEED   HIGH   TIME    DIR
---------------------------------------------------------------------------------------
 01    3,1    9,0  14:10   -2,8  06:59   15,2    0,0    2,6    0,4    3,1  14:19    261
 02    5,3    9,8  15:43    1,2  23:58   13,0    0,0    0,0    0,2   49,5  22:26    238
 03    4,7   13,6  15:37   -2,1  06:28   13,6    0,0    0,0    0,2   49,5  03:37    124
 04    6,2   15,8  13:57   -0,7  06:31   12,2    0,0    0,0    0,4   50,3  22:56    148
 05    6,4   13,3  13:43   -1,5  06:22   12,0    0,0    0,0    0,9   50,3  16:34    163
 06    7,5   10,6  13:48    4,3  07:01   10,9    0,0    0,0    0,4   49,5  08:22    140
 07    6,5   11,9  13:24    2,1  05:15   11,8    0,0    0,0    0,5   51,0  21:43    138
 08    6,8   13,1  12:52    0,2  05:36   11,5    0,0    0,0    0,7   49,5  02:24    172
 09    9,6   15,4  14:17    4,7  00:54    8,8    0,0    0,0    0,5   51,1  04:50    141
 10    9,8   16,8  14:22    4,9  23:51    8,6    0,0    0,0    0,6   48,3  16:12    214
 11    9,4   17,3  12:19    0,9  06:29    8,9    0,0    0,0    1,0   49,5  01:02    159
 12    9,5   13,8  13:14    3,1  23:47    8,9    0,0    0,0    0,8   49,5  05:37    143
 13    7,7   14,8  13:36    1,6  04:11   10,6    0,0    0,0    0,3   49,1  10:47    115
 14    7,8   12,3  15:18  -30,0  10:42   10,6    0,0    3,6    0,3   51,1  13:42    220
 15    7,4   14,6  13:05    1,3  23:43   10,9    0,0    0,0    1,2   49,5  20:13     46
 16    5,0   11,8  14:13   -2,2  05:16   13,3    0,0    0,0    1,0   50,7  21:50    150
 17    6,5   14,2  14:25   -0,8  06:08   11,9    0,0    0,0    0,5   51,1  06:54    129
 18    7,1   15,1  13:37   -0,4  06:38   11,2    0,0    0,0    0,7   50,7  23:42    137
 19    7,6   15,1  14:31    0,9  05:00   10,7    0,0    0,0    0,8   51,1  20:44     98
 20   10,2   17,2  14:07    4,6  06:59    8,1    0,0    0,0    0,7   51,1  00:05     87
 21   11,0   19,9  12:59    3,0  06:26    7,3    0,0    0,0    0,9   51,1  06:16    160
 22   13,1   20,1  11:39    6,8  06:33    5,2    0,0    0,0    1,2   51,1  04:35    153
 23   11,7   19,3  13:23    5,4  05:19    6,6    0,0    0,0    0,3   51,1  01:00    333
 24   11,3   17,9  13:07    5,2  06:15    7,0    0,0    0,0    0,1   51,1  00:31    333
 25   11,7   17,9  15:06    6,3  23:45    6,6    0,0    0,0    1,0   51,1  14:42    129
 26    8,5   15,4  13:01    3,6  06:37    9,8    0,0    1,0    0,7   51,1  04:14    106
 27    9,0   17,5  14:58    4,1  07:55    9,4    0,0    0,0    1,6   51,1  08:04    293
 28    8,8   14,6  15:10  -30,0  17:39    9,6    0,0    0,0    1,5   51,1  22:40    158
 29    8,1   15,2  14:01    1,2  05:01   10,2    0,0    0,0    0,8   50,3  00:19    162
 30    8,4    8,4  04:00    8,4  00:00    9,9    0,0  505,0    0,0    0,0  00:00     90
 31    8,4    8,4  13:00    8,4  00:00    9,9    0,0 1515,1    0,0    0,0  00:00     90
---------------------------------------------------------------------------------------
       8,2   20,1     22  -30,0     14  314,3    0,0 2027,3    0,6   51,1     09    147
    

