                   MONTHLY CLIMATOLOGICAL SUMMARY for gen 2024


NAME: Stazione meteo di Vellai - Feltre                  
ELEV: 315 meters    LAT: 46-02.10 N    LONG: 011-56.55 E


                   TEMPERATURE (C), RAIN (mm), WIND SPEED (m/s)

                                         HEAT   COOL         AVG
      MEAN                               DEG    DEG          WIND                   DOM
DAY   TEMP   HIGH   TIME    LOW   TIME   DAYS   DAYS   RAIN  SPEED   HIGH   TIME    DIR
---------------------------------------------------------------------------------------
 01    1,8    4,1  14:19   -0,7  23:14   16,5    0,0    2,1    0,5   51,1  10:15    328
 02   -0,2    2,8  15:15   -2,5  07:09   18,5    0,0    0,0    0,3   51,1  00:04    178
 03    1,9    8,3  15:09   -1,2  08:34   16,4    0,0    0,0    0,3   50,3  18:52    150
 04    0,4    7,4  15:14   -2,9  07:28   17,9    0,0    0,0    0,5   51,1  21:03    181
 05    0,1    1,8  23:40   -2,1  03:25   18,2    0,0   12,9    0,4   51,1  13:26    307
 06    3,2    4,1  15:26    1,8  00:01   15,2    0,0    9,8    0,5   51,1  01:14    282
 07    4,6    5,9  13:16    3,6  06:04   13,8    0,0    0,0    1,1   51,1  12:24    271
 08    5,3   10,9  12:29    2,9  23:58   13,0    0,0    0,0    0,3   51,1  01:48     11
 09    2,9    8,4  14:13   -1,1  23:22   15,4    0,0    0,0    0,5   50,7  14:09    273
 10   -0,5    5,1  13:55   -3,2  06:16   18,8    0,0    0,0    0,2   50,3  00:11    128
 11   -0,9    5,9  14:20   -5,2  07:52   19,2    0,0    0,0    0,2   51,1  06:09    144
 12   -0,8    6,2  14:26   -5,2  08:49   19,1    0,0    0,0    0,2   50,3  07:40     80
 13   -1,5    6,3  15:11   -6,1  07:34   19,8    0,0    0,0    0,7   50,7  17:23    325
 14   -2,6    3,0  15:16   -6,7  08:06   20,9    0,0    0,0    0,9   51,1  00:24    336
 15   -0,8    5,3  14:00   -4,7  08:11   19,1    0,0    0,0    1,1   50,7  04:08    334
 16   -1,6    6,1  16:02   -6,2  06:59   19,9    0,0    0,0    0,4   50,7  19:56    335
 17   -1,8   -0,2  23:34   -4,5  01:42   20,1    0,0    4,1    0,5   51,1  14:00    342
 18    2,2    5,6  16:03   -0,2  00:00   16,2    0,0    6,2    0,3   51,1  00:29    350
 19    2,2    4,5  12:38   -2,5  23:57   16,2    0,0    4,2    0,4   51,1  13:12     92
 20   -1,6    5,9  15:11   -6,1  07:38   20,0    0,0    0,0    0,3   51,1  10:09    355
 21   -3,0    3,3  14:05   -7,6  07:13   21,3    0,0    0,0    0,4   50,7  18:45    318
 22   -2,0    4,3  14:43   -7,5  05:53   20,4    0,0    0,0    1,0   50,9  11:16    335
 23    0,1    8,1  16:10   -5,6  08:00   18,2    0,0    0,0    0,5   50,7  21:11     27
 24    1,1    9,3  15:16   -3,8  07:05   17,2    0,0    0,0    0,3   50,7  00:06     58
 25    2,0   10,3  16:07   -3,1  06:43   16,3    0,0    0,0    0,3   51,1  01:24    104
 26    2,5   10,3  14:06   -2,7  07:35   15,9    0,0    0,0    0,4   51,1  02:46    118
 27    2,9   13,1  15:20   -3,4  08:09   15,5    0,0    0,0    0,7   50,7  20:46    322
 28    2,2   11,1  15:47   -3,1  05:55   16,2    0,0    0,0    0,7   51,1  00:52    333
 29    1,5   10,1  15:48   -4,1  07:21   16,8    0,0    0,0    0,2   51,0  06:57    136
 30    1,9   11,1  15:37   -4,1  07:52   16,4    0,0    0,0    0,3   50,7  22:30    270
 31    2,1    9,9  15:28   -3,7  06:37   16,3    0,0    0,0    0,3   51,0  07:26    301
---------------------------------------------------------------------------------------
       0,8   13,1     27   -7,6     21  544,7    0,0   39,4    0,5   51,1     01    324
    

