                   MONTHLY CLIMATOLOGICAL SUMMARY for dic 2022


NAME: Stazione meteo di Vellai - Feltre                  
ELEV: 315 meters    LAT: 46-02.10 N    LONG: 011-56.55 E


                   TEMPERATURE (C), RAIN (mm), WIND SPEED (m/s)

                                         HEAT   COOL         AVG
      MEAN                               DEG    DEG          WIND                   DOM
DAY   TEMP   HIGH   TIME    LOW   TIME   DAYS   DAYS   RAIN  SPEED   HIGH   TIME    DIR
---------------------------------------------------------------------------------------
 01    4,3    9,4  13:55    0,6  01:46   14,0    0,0    0,0   12,7   51,0  13:27    261
 02    4,5    5,8  13:08  -18,9  00:17   13,9    0,0    1,6   47,0   50,7  13:44    330
 03    4,0    5,3  14:56    1,8  03:12   14,3    0,0    3,1   37,5   49,5  00:08    201
 04    5,6    6,5  14:29    4,9  02:00   12,8    0,0   15,5   49,5   49,5  22:56    180
 05    6,0    7,4  14:00    3,9  23:53   12,3    0,0    6,2   43,5   49,5  02:59    184
 06    2,5    7,9  15:03   -1,3  23:59   15,8    0,0    0,0    2,3   51,0  20:20    336
 07   -0,5    5,9  14:20   -3,2  05:04   18,8    0,0    0,0   18,3   51,0  00:07    191
 08   -1,2    5,4  15:26   -4,6  07:42   19,5    0,0    0,0    2,8   51,1  00:53    185
 09   -0,1    0,6  23:31   -1,4  00:03   18,4    0,0   10,4   13,0   25,5  19:00    336
 10    2,0    4,2  15:07   -0,1  03:57   16,3    0,0    2,1   43,1   51,0  15:34    331
 11    1,0    3,6  02:05   -2,1  23:55   17,3    0,0   11,4   25,5   25,5  16:17    338
 12   -2,8    1,9  13:54   -6,2  23:37   21,2    0,0    0,0    7,4   49,5  00:58    181
 13   -3,3   -1,6  16:00   -6,7  02:17   21,7    0,0    0,0    0,4   51,0  13:09    318
 14   -1,3    2,1  15:49   -3,8  23:17   19,7    0,0    0,0    2,5   51,0  12:36    340
 15   -1,7    2,3  12:41   -5,7  07:29   20,0    0,0   11,9    0,4   51,1  20:41    258
 16    1,1    2,3  23:21   -0,1  00:04   17,3    0,0    6,7    0,5   51,1  00:31    158
 17    3,7    6,2  14:44    2,1  01:53   14,7    0,0    0,0   41,5   49,5  20:52    187
 18    2,4    7,4  13:47   -2,1  23:52   15,9    0,0    0,0    7,7   51,0  13:42    257
 19   -0,3    3,9  13:54   -2,4  05:25   18,6    0,0    0,0    3,1   51,0  03:39    182
 20   -2,3   -0,1  13:41   -3,7  07:18   20,6    0,0    0,0    0,5   51,0  09:41      3
 21   -1,1    1,7  14:56  -18,9  20:17   19,4    0,0    0,0    1,3   51,1  02:50    333
 22    0,4    7,1  14:34   -2,5  07:06   18,0    0,0    0,0    0,5   51,1  19:47     79
 23    1,9    6,9  15:01   -1,0  02:14   16,5    0,0    0,0    0,3   51,0  09:25     37
 24    3,6    8,8  13:56    0,9  06:12   14,8    0,0    0,0    0,5   51,0  08:50    252
 25    2,2    9,1  15:01   -1,7  06:56   16,1    0,0    0,0    0,4   51,1  10:49    235
 26    2,2    8,1  15:03   -1,8  08:28   16,1    0,0    0,0    0,4   51,1  03:14    278
 27    4,4   10,3  14:43    0,8  23:59   14,0    0,0    0,0   12,8   51,1  20:06    252
 28    2,6    9,0  14:15   -0,8  03:11   15,8    0,0    0,0    4,2   51,1  00:05    209
 29    3,2    8,3  14:33   -0,2  04:57   15,1    0,0    0,0    6,6   51,0  00:34    295
 30    4,6    7,7  13:37    2,6  23:49   13,8    0,0    0,0   33,7   50,3  19:00    338
 31    4,4   11,3  14:00    0,1  07:24   13,9    0,0    0,0    3,5   51,1  20:07    178
---------------------------------------------------------------------------------------
       1,7   11,3     31  -18,9     02  516,3    0,0   68,9    5,8   51,1     08    245
    

