                   MONTHLY CLIMATOLOGICAL SUMMARY for ott 2021


NAME: Stazione meteo di Vellai - Feltre                  
ELEV: 315 meters    LAT: 46-02.10 N    LONG: 011-56.55 E


                   TEMPERATURE (C), RAIN (mm), WIND SPEED (m/s)

                                         HEAT   COOL         AVG
      MEAN                               DEG    DEG          WIND                   DOM
DAY   TEMP   HIGH   TIME    LOW   TIME   DAYS   DAYS   RAIN  SPEED   HIGH   TIME    DIR
---------------------------------------------------------------------------------------
 01   15,7   22,6  13:34    9,6  07:26    2,6    0,0    0,0    0,4   51,1  21:49    155
 02   14,3   21,2  13:28    8,2  07:38    4,1    0,0    0,0    0,3   49,5  18:03    140
 03   16,2   22,8  14:30   11,5  06:19    2,2    0,0    0,0    0,4   51,0  00:26    140
 04   16,9   22,3  13:39   13,9  06:33    1,4    0,0    4,1    0,3   49,5  19:28    227
 05   15,8   20,3  12:30   13,3  22:19    2,5    0,0    5,2    0,5   51,1  20:29     87
 06   12,6   16,6  12:17    9,8  23:23    5,7    0,0    1,0    0,6   51,1  11:29    266
 07   11,3   14,4  14:23    9,6  03:13    7,1    0,0    0,0    0,7   49,5  01:46    252
 08   12,2   16,2  14:58    8,8  23:37    6,1    0,0    0,0    0,2   51,1  09:59     56
 09   11,3   18,6  13:35    5,8  23:20    7,1    0,0    0,0    0,4   51,1  20:00    150
 10    8,0   16,3  14:58    2,3  06:53   10,3    0,0    0,0    0,3   51,1  19:50    120
 11    9,7   19,4  15:39    3,3  07:03    8,6    0,0    0,0    0,3   50,3  22:34    117
 12    8,7   14,5  16:13    5,0  08:00    9,6    0,0    0,0    0,2   51,1  20:17     89
 13    9,0   16,9  14:29    4,9  07:15    9,4    0,0    0,0    0,4   49,5  09:24    176
 14    7,1   15,6  15:18    0,9  07:30   11,3    0,0    0,0    0,2   51,1  04:42    148
 15    7,2   16,8  16:08    0,4  07:30   11,1    0,0    0,0    0,1   51,1  03:07     73
 16    9,1   18,9  15:43    1,9  07:01    9,2    0,0    0,0    0,2   49,5  10:16    143
 17    9,4   18,7  15:44    2,6  07:32    8,9    0,0    0,0    0,0    3,0  16:48    123
 18    9,0   18,9  16:12    3,4  08:01    9,3    0,0    0,0    0,0   51,1  01:27    332
 19    8,7   15,4  16:04    2,9  07:00    9,6    0,0    0,0    0,1   50,3  21:28    122
 20    9,7   16,7  14:29    4,8  07:46    8,6    0,0    0,0    0,3   51,1  19:46    112
 21   11,1   12,9  15:16    9,3  06:40    7,2    0,0    0,0    0,1   49,5  01:09    147
 22   12,8   19,5  15:30    9,1  23:52    5,6    0,0    0,0    0,4   51,1  18:54    201
 23   12,7   19,9  15:35    8,4  00:52    5,7    0,0    0,0    0,4   49,5  05:24    195
 24   11,0   16,9  15:55    5,2  23:41    7,3    0,0    0,0    0,3   51,1  21:05    107
 25    7,2   13,0  14:31    3,0  07:30   11,2    0,0    0,0    0,2   51,1  21:58     97
 26    7,7   15,8  16:04    1,9  07:55   10,6    0,0    0,0    0,2   51,1  20:03     90
 27    7,3   17,1  17:12    0,4  07:54   11,0    0,0    0,0    0,2   49,5  11:24    105
 28    7,3   16,6  14:43    0,5  08:15   11,0    0,0    0,0    0,2   51,1  07:27    104
 29    7,2   16,8  14:59    0,8  08:20   11,1    0,0    0,0    0,2   51,1  20:28     93
 30    7,0   15,5  14:53   -0,1  08:14   11,3    0,0    0,0    0,2    2,8  12:36    106
 31    8,7   16,1  14:27    4,4  07:07    9,6    0,0    0,0    0,2   49,5  17:05     91
---------------------------------------------------------------------------------------
      10,4   22,8     03   -0,1     30  246,5    0,0   10,4    0,3   51,1     01    142
    

