                   MONTHLY CLIMATOLOGICAL SUMMARY for set 2017


NAME: Stazione meteo di Vellai - Feltre                  
ELEV: 315 meters    LAT: 46-02.10 N    LONG: 011-56.55 E


                   TEMPERATURE (C), RAIN (mm), WIND SPEED (m/s)

                                         HEAT   COOL         AVG
      MEAN                               DEG    DEG          WIND                   DOM
DAY   TEMP   HIGH   TIME    LOW   TIME   DAYS   DAYS   RAIN  SPEED   HIGH   TIME    DIR
---------------------------------------------------------------------------------------
 01   19,1   21,7  16:06   15,4  23:58    0,0    0,7    6,2    0,5   51,0  02:06     66
 02   14,9   21,9  11:45   11,6  23:00    3,5    0,0   17,1    1,0   51,1  06:15    263
 03   14,7   22,7  16:05   10,6  07:35    3,6    0,0    0,5    0,4   49,7  12:23    260
 04   15,3   23,4  14:06    8,4  05:06    3,0    0,0    0,0    0,5   49,5  01:11    133
 05   18,0   24,6  13:56   14,0  07:02    0,3    0,0    0,0    0,4   49,5  01:11    159
 06   18,4   24,8  13:26   12,8  06:36    0,0    0,0    0,0    0,4   49,5  00:47    165
 07   18,8   24,6  13:44   15,4  22:38    0,0    0,5    6,7    0,5   51,0  23:51    168
 08   18,5   24,2  14:18   14,5  23:58    0,0    0,1    0,0    0,5   49,5  23:41    151
 09   16,2   23,5  15:11   12,1  05:24    2,1    0,0   25,9    0,5   49,5  00:24    215
 10   15,0   16,5  16:15   13,9  07:06    3,3    0,0    3,1    0,3    4,0  09:55     70
 11   17,2   22,3  16:32   14,4  05:29    1,1    0,0    1,0    0,4   49,5  12:32    310
 12   13,9   16,3  00:20    8,4  23:30    4,4    0,0   20,7    0,6   51,1  04:12     10
 13   13,2   20,6  16:20    7,6  01:58    5,1    0,0    0,0    0,6   51,0  02:38    191
 14   14,6   19,4  12:54   11,3  01:07    3,8    0,0    3,1    0,5   51,1  16:16    298
 15   13,0   17,0  11:21    8,7  07:20    5,3    0,0    0,5    0,3   49,5  03:07    232
 16   13,9   19,3  16:50   11,9  08:00    4,5    0,0    7,8    0,4   49,9  19:39    150
 17   14,2   21,0  15:57   10,2  23:58    4,2    0,0    0,0    1,4   50,5  16:32    251
 18   12,4   18,3  13:28    8,5  07:13    6,0    0,0    2,1    0,3   49,5  03:19    352
 19   11,0   12,9  15:41    9,4  23:54    7,3    0,0    4,1    0,4   51,1  09:59    295
 20   12,5   21,6  15:04    6,8  23:57    5,8    0,0    0,0    0,4   49,5  00:00    122
 21   11,2   21,4  14:59    3,3  06:37    7,2    0,0    0,0    0,5   49,5  00:59    192
 22   12,7   21,2  15:23    5,0  07:08    5,7    0,0    0,0    0,4   51,0  14:24    114
 23   15,7   20,9  13:55   12,3  05:33    2,6    0,0    0,0    0,6   51,1  04:29    221
 24   13,5   15,5  13:28   11,5  23:42    4,8    0,0    6,7    0,5   51,1  09:59    278
 25   13,4   20,2  13:30    9,6  23:41    5,0    0,0    0,0    0,4   49,5  10:31     37
 26    9,0   16,8  11:56    6,9  06:01    9,3    0,0    0,0    0,5   51,1  00:03    311
 27
 28
 29
 30
---------------------------------------------------------------------------------------
      14,7   24,8     06    3,3     21   97,8    1,4  105,7    0,5   51,1     02    239
    

