                   MONTHLY CLIMATOLOGICAL SUMMARY for giu 2023


NAME: Stazione meteo di Vellai - Feltre                  
ELEV: 315 meters    LAT: 46-02.10 N    LONG: 011-56.55 E


                   TEMPERATURE (C), RAIN (mm), WIND SPEED (m/s)

                                         HEAT   COOL         AVG
      MEAN                               DEG    DEG          WIND                   DOM
DAY   TEMP   HIGH   TIME    LOW   TIME   DAYS   DAYS   RAIN  SPEED   HIGH   TIME    DIR
---------------------------------------------------------------------------------------
 01   19,4   28,2  16:40   12,7  05:54    0,0    1,1    0,0    0,6   50,3  12:34    252
 02   19,0   27,8  16:29   13,3  05:31    0,0    0,6    0,0    0,4   49,5  02:20    177
 03   17,0   23,5  13:19   13,3  01:28    1,4    0,0    0,0    0,7   51,1  20:16    247
 04   16,0   19,6  16:08   14,1  05:00    2,3    0,0    3,6    0,0   51,0  04:42    170
 05   16,2   20,8  13:49   13,8  06:09    2,1    0,0   12,4    0,3   49,5  00:19    200
 06   17,1   22,1  15:01   13,6  04:30    1,2    0,0    1,6    0,1   51,0  06:35    278
 07   19,2   25,0  13:56   13,9  02:00    0,0    0,9    0,0    0,3   51,1  13:25    265
 08   18,8   26,8  16:08   13,5  05:54    0,0    0,5    0,5    0,5   51,1  18:50    163
 09   18,9   26,9  16:52   12,1  03:51    0,0    0,6    0,0    0,5   51,1  00:02    109
 10   19,3   26,7  14:43   14,9  05:30    0,0    1,0    2,6    0,5   51,1  12:41    103
 11   18,7   27,1  14:45   14,1  05:27    0,0    0,4    0,0    0,3   51,1  20:31    269
 12   19,6   26,2  14:14   13,9  06:04    0,0    1,3   11,4    0,6   50,7  18:35    113
 13   17,9   24,1  16:10   14,7  02:32    0,4    0,0    3,1    0,6   48,3  13:49    182
 14   18,5   25,2  14:41   14,3  06:08    0,0    0,2    3,1    0,5   51,1  19:38     99
 15   18,6   26,1  13:52   13,3  04:07    0,0    0,3    0,0    0,4   51,0  06:47     56
 16   19,1   26,4  14:31   12,5  05:36    0,0    0,8    0,0    0,4   49,5  05:12    109
 17   19,6   27,4  13:43   10,6  05:32    0,0    1,3    0,0    0,6   49,5  23:46    165
 18   20,7   27,3  13:54   12,5  05:20    0,0    2,4    0,0    0,6   49,5  23:49    145
 19   22,5   28,7  16:17   16,1  03:46    0,0    4,2    0,0    0,5   51,1  21:43    165
 20   23,5   30,1  15:10   16,4  05:35    0,0    5,2    0,0    0,4    4,6  16:46    126
 21   24,4   30,7  13:25   17,8  05:35    0,0    6,1    0,0    0,5    6,7  18:08    150
 22   25,4   32,3  15:10   18,7  05:23    0,0    7,1    0,0    0,3    6,4  18:28    141
 23   21,8   28,4  10:47   16,3  23:59    0,0    3,4    1,6    0,4   51,1  19:52    279
 24   21,1   28,9  13:19   12,2  05:40    0,0    2,7    0,0    0,4    4,3  12:18     87
 25   22,5   28,9  14:56   14,4  05:31    0,0    4,1    0,0    0,5   49,5  02:30    148
 26   23,6   30,6  15:04   15,4  05:48    0,0    5,2    0,0    0,6   51,1  21:16    137
 27   20,8   29,0  13:09   17,1  05:37    0,0    2,5   25,4    0,5   49,5  07:03    141
 28   20,2   24,1  12:01   17,0  23:35    0,0    1,8    0,0    0,4   51,1  13:30    154
 29   21,0   26,6  16:07   15,0  05:54    0,0    2,7    0,0    0,5    4,5  16:29    136
 30   19,2   25,9  12:20   14,4  05:47    0,0    0,9    1,0    0,3   51,1  00:59    150
---------------------------------------------------------------------------------------
      20,0   32,3     22   10,6     17    7,4   57,1   66,3    0,4   51,1     03    153
    

