                   MONTHLY CLIMATOLOGICAL SUMMARY for ago 2022


NAME: Stazione meteo di Vellai - Feltre                  
ELEV: 315 meters    LAT: 46-02.10 N    LONG: 011-56.55 E


                   TEMPERATURE (C), RAIN (mm), WIND SPEED (m/s)

                                         HEAT   COOL         AVG
      MEAN                               DEG    DEG          WIND                   DOM
DAY   TEMP   HIGH   TIME    LOW   TIME   DAYS   DAYS   RAIN  SPEED   HIGH   TIME    DIR
---------------------------------------------------------------------------------------
 01   23,8   32,3  15:14   14,6  06:09    0,0    5,5    0,0    0,5   51,1  20:14    136
 02   22,2   30,6  15:08   16,2  06:33    0,0    3,9    4,2    0,7   50,3  15:42    227
 03   23,6   31,9  14:31   15,1  06:05    0,0    5,3    0,0    0,6   51,0  00:33    156
 04   25,7   33,8  15:24   17,5  06:11    0,0    7,3    0,0    0,5   49,5  09:48    128
 05   26,5   34,8  13:49   18,1  05:34    0,0    8,1    0,0    0,6   51,0  19:27    149
 06   22,4   33,8  13:59   18,1  06:21    0,0    4,0    0,0    1,0   51,1  21:29    215
 07   20,0   24,5  11:08   17,0  04:56    0,0    1,6    0,0    0,6   51,1  17:33    282
 08   21,7   31,1  15:56   14,4  05:51    0,0    3,4    0,0    0,5   51,1  02:20     33
 09   23,1   31,1  16:03   15,3  05:57    0,0    4,7    0,0    0,4   51,0  13:00    132
 10   23,0   30,9  15:10   15,2  06:23    0,0    4,7    0,0    0,5   50,3  23:16    121
 11   23,7   30,5  14:09   18,7  06:34    0,0    5,4    0,0    0,5   49,5  02:18     70
 12   18,5   22,8  15:57   14,8  23:57    0,0    0,2    2,1    0,5   51,1  03:45     81
 13   19,1   28,8  17:27   11,0  06:27    0,0    0,8    0,0    0,6   51,0  21:10    105
 14   21,0   29,6  15:15   12,4  06:13    0,0    2,6    0,0    0,5    5,6  15:47    138
 15   22,1   29,6  13:36   15,8  05:15    0,0    3,8    0,0    0,6   51,0  13:17    150
 16   22,4   29,7  15:23   15,9  06:12    0,0    4,1    0,0    0,7   49,5  02:53    163
 17   22,5   29,9  13:02   14,6  06:06    0,0    4,2    1,0    0,5   49,5  17:00    122
 18   19,5   24,1  17:22   16,9  07:33    0,0    1,1   15,5    0,8   51,1  20:22    239
 19   18,9   25,3  13:44   15,2  23:19    0,0    0,6    6,2    0,8   51,1  19:58    251
 20   19,4   27,6  18:38   15,2  01:28    0,0    1,1    0,0    0,3   49,5  07:20    118
 21   21,4   31,0  14:03   12,9  06:28    0,0    3,0    0,0    0,4    4,4  17:14    135
 22   21,2   30,6  14:29   13,3  06:28    0,0    2,9    0,0    0,2   49,5  04:46    167
 23   20,0   29,2  14:25   11,8  06:42    0,0    1,7    0,0    0,6   49,5  13:15    130
 24   21,5   30,4  15:26   14,1  06:18    0,0    3,1    0,0    0,4   51,1  04:22    128
 25   21,9   30,3  13:53   15,1  06:39    0,0    3,5    0,0    0,5    8,8  17:23    158
 26   22,2   30,9  15:00   16,2  06:43    0,0    3,8    0,0    0,5    8,8  17:19    101
 27   18,7   23,5  11:20   16,1  03:49    0,0    0,3    2,1    1,2   49,5  09:26    260
 28   20,3   28,3  14:05   15,6  03:50    0,0    2,0    1,0    0,7   49,5  21:48    196
 29   22,3   29,1  14:22   17,4  04:23    0,0    3,9    0,0    0,5   51,1  21:36    162
 30   22,3   29,9  13:51   16,8  23:58    0,0    4,0   10,4    0,5   51,1  00:27    185
 31   19,5   26,6  14:43   16,3  03:59    0,0    1,1    7,2    0,5   51,1  18:52    126
---------------------------------------------------------------------------------------
      21,6   34,8     05   11,0     13    0,0  101,7   49,7    0,6   51,1     01    154
    

