                   MONTHLY CLIMATOLOGICAL SUMMARY for mar 2024


NAME: Stazione meteo di Vellai - Feltre                  
ELEV: 315 meters    LAT: 46-02.10 N    LONG: 011-56.55 E


                   TEMPERATURE (C), RAIN (mm), WIND SPEED (m/s)

                                         HEAT   COOL         AVG
      MEAN                               DEG    DEG          WIND                   DOM
DAY   TEMP   HIGH   TIME    LOW   TIME   DAYS   DAYS   RAIN  SPEED   HIGH   TIME    DIR
---------------------------------------------------------------------------------------
 01    8,4    9,1  14:22    7,8  02:32   10,0    0,0    0,0    0,2   51,0  03:37      8
 02    7,7   10,7  13:48    4,9  03:42   10,6    0,0    0,0    0,4   51,1  18:30     83
 03    8,6   11,9  13:39    6,8  07:15    9,7    0,0    0,0    1,7   51,1  08:55    354
 04    7,9   12,7  16:07    4,8  23:28   10,5    0,0    0,0    1,6   51,1  21:49    305
 05    8,8   18,0  13:50    2,4  06:54    9,6    0,0    2,1    1,0   51,1  01:01     17
 06    7,8   11,5  14:57    5,8  06:24   10,5    0,0    2,1    6,1   50,7  13:03    333
 07    6,5    8,8  12:42    5,0  23:51   11,8    0,0    0,0    0,7   51,0  16:25     33
 08    4,8    6,2  14:50    4,2  23:43   13,5    0,0    0,0    5,5   51,0  09:01    336
 09    6,1   10,4  14:35    3,9  03:36   12,3    0,0    0,0    3,5   51,0  07:09    265
 10    6,4    9,4  16:42    5,3  22:02   11,9    0,0    2,1   25,2   49,5  00:35    263
 11    8,2   14,6  14:41    4,0  06:26   10,1    0,0    0,0    0,7   51,1  21:58    211
 12    8,7   18,7  15:39    3,2  05:34    9,6    0,0    0,0    0,5   51,1  21:34    105
 13    9,2   17,2  13:42    4,1  02:14    9,2    0,0    0,0    0,7   50,7  20:09    158
 14    8,7   17,2  15:02    1,8  06:27    9,6    0,0    0,0    0,6   51,1  06:04     23
 15   10,2   15,8  13:52    5,8  00:55    8,1    0,0    0,0    0,3    4,5  14:29    103
 16   12,0   17,8  12:57    7,8  23:31    6,3    0,0    0,0    0,5   50,3  01:19    148
 17   10,9   18,1  13:52    5,2  04:25    7,4    0,0    0,0    0,4   49,5  00:01    131
 18   10,3   14,0  12:02    8,4  22:59    8,0    0,0    2,1    0,3   49,5  05:43    292
 19   11,4   18,1  12:53    7,3  06:52    7,0    0,0    0,0    1,1   51,1  03:33    200
 20   11,3   16,9  14:56    7,2  23:57    7,1    0,0    0,0    0,7   51,1  00:06    147
 21   10,1   16,4  14:28    5,2  03:52    8,3    0,0    0,0    0,4   51,1  02:55     71
 22   11,3   20,1  12:55    3,8  05:05    7,0    0,0    0,0    0,6   51,1  00:23    151
 23    9,9   17,9  12:11    4,2  06:34    8,4    0,0    0,0    0,7   51,1  00:25     87
 24    7,2   13,1  15:07    1,3  23:56   11,2    0,0    0,0    0,8   51,1  23:32    183
 25    6,8   14,1  14:32   -2,4  05:52   11,5    0,0    0,0    1,2   49,5  02:13    159
 26    6,4   10,4  13:42    1,8  06:20   12,0    0,0    4,1    0,6   49,5  04:11    285
 27    6,7    8,9  16:20    4,1  23:19   11,6    0,0   11,4    0,5   51,1  13:21    268
 28    5,4    7,1  11:58    3,0  06:33   13,0    0,0    0,0    0,4    3,7  00:42    130
 29    6,9   11,6  15:40    4,4  04:32   11,4    0,0    0,0    0,2   51,1  14:06     96
 30   10,6   17,2  12:50    5,4  02:41    7,7    0,0    1,0    0,6   51,1  01:51     76
 31   10,8   13,6  17:01    9,3  06:29    7,5    0,0   12,4    0,6   51,0  09:00    121
---------------------------------------------------------------------------------------
       8,6   20,1     22   -2,4     25  302,4    0,0   37,3    1,1   51,1     02    321
    

