                   MONTHLY CLIMATOLOGICAL SUMMARY for ott 2017


NAME: Stazione meteo di Vellai - Feltre                  
ELEV: 315 meters    LAT: 46-02.10 N    LONG: 011-56.55 E


                   TEMPERATURE (C), RAIN (mm), WIND SPEED (m/s)

                                         HEAT   COOL         AVG
      MEAN                               DEG    DEG          WIND                   DOM
DAY   TEMP   HIGH   TIME    LOW   TIME   DAYS   DAYS   RAIN  SPEED   HIGH   TIME    DIR
---------------------------------------------------------------------------------------
 01
 02
 03
 04
 05
 06
 07
 08
 09
 10
 11
 12
 13
 14
 15
 16
 17
 18
 19
 20
 21
 22
 23   20,7   26,5  22:36   12,7  13:36    0,0    2,3    0,0    0,1    1,0  22:36    158
 24   19,2   27,3  21:36   14,1  11:36    0,0    0,9    3,1    0,3    4,0  04:36     96
 25   18,8   27,4  00:36   14,9  12:36    0,0    0,4    2,1    0,7    3,0  23:36    209
 26   18,6   21,9  02:36   14,5  13:36    0,0    0,3    0,0    0,2    2,0  23:36    270
 27   18,6   26,4  23:36   14,7  13:36    0,0    0,3    0,0    0,3    2,0  22:36    286
 28   20,2   27,5  01:36   15,1  12:36    0,0    1,9    0,0    0,2    3,0  23:36    267
 29   20,0   25,8  19:36   14,9  08:36    0,0    1,7    0,0    0,4    6,0  21:36    261
 30   18,1   24,1  20:27   14,3  10:36    0,2    0,0    0,0    0,2    4,1  20:35     76
 31
---------------------------------------------------------------------------------------
      19,2   27,5     28   12,7     23    0,2    7,8    5,2    0,3    6,0     29    233
    

