                   MONTHLY CLIMATOLOGICAL SUMMARY for nov 2022


NAME: Stazione meteo di Vellai - Feltre                  
ELEV: 315 meters    LAT: 46-02.10 N    LONG: 011-56.55 E


                   TEMPERATURE (C), RAIN (mm), WIND SPEED (m/s)

                                         HEAT   COOL         AVG
      MEAN                               DEG    DEG          WIND                   DOM
DAY   TEMP   HIGH   TIME    LOW   TIME   DAYS   DAYS   RAIN  SPEED   HIGH   TIME    DIR
---------------------------------------------------------------------------------------
 01   10,9   16,4  15:02    5,3  07:14    7,4    0,0    0,0    0,1    1,7  17:56    219
 02   10,8   16,6  14:41    5,9  05:47    7,5    0,0    0,0    0,1   51,0  09:37    115
 03   12,2   16,6  14:38    9,1  04:42    6,2    0,0    2,6    0,1   51,1  03:50     62
 04   11,5   16,4  13:46    5,3  23:27    6,9    0,0   30,0    1,0   49,5  13:24    248
 05    7,6   16,8  14:10    1,9  06:53   10,8    0,0    0,0    0,2   51,1  01:05    327
 06    6,4   15,1  13:20   -0,1  07:49   11,9    0,0    0,0    0,0   50,3  13:41    322
 07    7,0   15,5  13:59    1,3  07:11   11,3    0,0    0,0    0,1   51,1  21:16    114
 08    6,0   14,4  14:37    0,1  07:30   12,3    0,0    0,0    0,2   49,5  08:45    106
 09    7,5   14,4  14:58    1,2  06:05   10,9    0,0    0,0    0,3   51,1  21:28     45
 10   10,4   15,2  14:58    8,2  22:18    8,0    0,0    2,1    0,2    2,9  13:13    103
 11    9,7   14,6  15:10    4,8  23:59    8,6    0,0    0,0    0,2   49,9  15:56    173
 12    6,9   13,6  14:03    3,1  03:45   11,4    0,0    0,0    0,2   51,1  00:25    110
 13    8,4   15,6  13:51    2,7  05:28    9,9    0,0    2,1    0,3   51,1  01:40    102
 14    8,5   11,8  13:41    6,3  19:28    9,8    0,0    1,0    0,2   51,1  20:34    229
 15    7,9   10,7  12:51    6,1  07:56   10,5    0,0    0,0    0,4   49,5  00:37    250
 16    8,5   11,9  14:18    7,0  20:54    9,8    0,0    1,6    0,2   51,1  00:51    337
 17    9,4   13,3  14:48    7,6  00:06    8,9    0,0    0,0    0,3   51,1  00:03    156
 18    8,8   15,1  14:10    3,9  23:53    9,5    0,0    0,5    0,4   51,1  04:35    277
 19    4,6    9,9  14:26   -0,7  07:56   13,7    0,0    0,0    0,2   51,1  07:38    114
 20    4,2   11,2  15:46   -1,2  07:20   14,1    0,0    0,0    0,2   49,5  00:03    126
 21    4,5   10,9  13:54    0,0  06:32   13,8    0,0    0,0    0,3   51,1  20:48    175
 22    4,0    4,9  23:00    3,3  09:51   14,3    0,0   24,9    1,0   49,5  03:14    257
 23    4,8   11,4  14:48    0,6  23:38   13,5    0,0    0,0    0,3   51,0  05:26    137
 24    2,1    9,9  15:13   -2,5  08:10   16,2    0,0    0,0    0,4   51,1  02:26    128
 25    2,7   10,4  14:55   -0,6  00:30   15,7    0,0    0,0    0,3   51,1  01:11      8
 26    2,9   10,9  14:44   -1,3  07:38   15,5    0,0    0,0    0,4   51,1  21:01    228
 27    1,3    8,6  13:35   -3,1  07:31   17,0    0,0    0,0    0,4   51,1  21:39    229
 28    0,4    3,2  13:49   -2,4  02:37   17,9    0,0    0,0    0,3   51,0  03:22      3
 29    2,9    5,2  13:59    1,2  00:03   15,5    0,0    0,0    0,2   51,1  06:07    300
 30    4,1    7,3  13:35    2,3  23:31   14,3    0,0    0,0    5,6   51,1  03:12    315
---------------------------------------------------------------------------------------
       6,6   16,8     05   -3,1     27  353,0    0,0   64,8    0,4   51,1     03    293
    

