                   MONTHLY CLIMATOLOGICAL SUMMARY for giu 2022


NAME: Stazione meteo di Vellai - Feltre                  
ELEV: 315 meters    LAT: 46-02.10 N    LONG: 011-56.55 E


                   TEMPERATURE (C), RAIN (mm), WIND SPEED (m/s)

                                         HEAT   COOL         AVG
      MEAN                               DEG    DEG          WIND                   DOM
DAY   TEMP   HIGH   TIME    LOW   TIME   DAYS   DAYS   RAIN  SPEED   HIGH   TIME    DIR
---------------------------------------------------------------------------------------
 01   18,8   25,4  14:11   11,3  05:23    0,0    0,4    0,0    0,6   49,5  03:50    162
 02   21,1   27,3  14:21   14,8  03:06    0,0    2,8    0,0    0,6   51,0  08:22    160
 03   20,9   27,5  13:38   17,3  05:23    0,0    2,5    2,1    0,2   49,5  03:26     66
 04   22,3   29,4  14:41   16,1  05:38    0,0    4,0    0,0    0,5    3,9  18:55    188
 05   22,1   29,6  14:58   15,2  23:58    0,0    3,8    3,6    0,8   49,5  03:25    191
 06   20,5   28,3  13:36   11,9  05:47    0,0    2,2    0,0    0,6   51,0  10:42    143
 07   17,1   23,6  14:32   13,6  23:48    1,3    0,0    7,3    0,4   51,1  04:20    288
 08   18,0   25,2  14:57   10,3  05:57    0,3    0,0    0,0    0,7   51,1  03:33    150
 09   15,6   18,4  17:50   12,9  07:06    2,8    0,0    1,0    0,8    7,1  20:46    253
 10   20,6   29,9  16:39   12,1  04:33    0,0    2,3    0,0    0,4   49,5  14:01     74
 11   21,1   27,9  13:13   12,4  05:41    0,0    2,8    0,0    0,5   49,5  04:51    165
 12   21,8   28,9  15:24   13,2  05:55    0,0    3,4    0,0    0,5   49,5  22:58    144
 13   20,3   29,3  13:46   15,1  05:16    0,0    2,0    0,5    0,5   49,5  03:06    102
 14   21,3   27,3  15:31   15,3  01:55    0,0    2,9    0,0    0,6   51,0  04:27    151
 15   21,0   28,6  14:04   16,5  01:04    0,0    2,6    7,8    0,5   49,5  18:16    147
 16   21,4   29,5  16:02   14,9  04:05    0,0    3,0    0,0    0,3   49,5  20:16     90
 17   23,8   30,4  14:15   16,9  05:39    0,0    5,5    0,0    0,6   49,5  05:17    149
 18   23,5   29,8  14:58   16,3  05:37    0,0    5,2    0,0    0,6   49,5  01:33    149
 19   23,7   30,6  15:04   16,8  05:55    0,0    5,4    0,0    0,7   49,5  04:21    146
 20   23,5   30,3  17:59   15,2  05:53    0,0    5,2    0,0    0,7   51,0  09:38    127
 21   22,5   30,1  15:16   18,1  23:55    0,0    4,2    6,2    0,5   51,0  13:41    144
 22   20,3   25,1  18:32   16,8  05:25    0,0    2,0    4,1    0,3   49,5  04:20    141
 23   23,1   30,1  15:05   16,6  05:28    0,0    4,8    0,0    0,5   51,1  23:27    143
 24   23,2   30,0  17:22   17,8  23:51    0,0    4,9    0,0    1,2   49,5  00:48    217
 25   21,9   30,0  15:15   13,1  05:54    0,0    3,6    0,0    0,5   49,5  03:05    141
 26   23,5   31,8  14:04   14,5  05:32    0,0    5,1    0,0    0,6   49,5  09:06    151
 27   25,2   32,6  14:46   17,8  05:24    0,0    6,9    0,0    0,4   48,3  08:00    121
 28   24,0   29,8  11:59   16,7  05:47    0,0    5,6    0,0    0,4    6,0  15:40    162
 29   21,8   28,2  18:33   18,2  05:21    0,0    3,5    3,1    0,5   49,5  20:51     12
 30   23,3   31,3  13:11   15,7  05:06    0,0    5,0    0,0    0,7   49,5  02:12    146
---------------------------------------------------------------------------------------
      21,6   32,6     27   10,3     08    4,3  101,6   35,7    0,6   51,1     07    154
    

