                   MONTHLY CLIMATOLOGICAL SUMMARY for nov 2021


NAME: Stazione meteo di Vellai - Feltre                  
ELEV: 315 meters    LAT: 46-02.10 N    LONG: 011-56.55 E


                   TEMPERATURE (C), RAIN (mm), WIND SPEED (m/s)

                                         HEAT   COOL         AVG
      MEAN                               DEG    DEG          WIND                   DOM
DAY   TEMP   HIGH   TIME    LOW   TIME   DAYS   DAYS   RAIN  SPEED   HIGH   TIME    DIR
---------------------------------------------------------------------------------------
 01    7,5    9,5  21:40    4,6  00:10   10,8    0,0    6,2    0,3   51,1  17:08    265
 02    9,1   15,4  14:51    4,5  05:58    9,2    0,0    0,0    0,4   51,1  08:50    145
 03    7,3    8,7  11:04    5,5  01:37   11,0    0,0    2,6    0,4   51,1  01:35    267
 04    9,3   14,2  14:09    3,3  23:30    9,0    0,0    1,0    1,2   50,3  20:34    206
 05    6,0   13,9  14:06    1,6  23:55   12,3    0,0    0,0    0,4   50,3  17:28    242
 06    4,7   13,8  14:58   -1,4  07:12   13,6    0,0    0,0    0,3   51,1  08:04    235
 07    4,3   12,5  14:34   -0,8  05:36   14,1    0,0    0,0    0,4   51,1  20:24     23
 08    6,2    8,8  13:07    3,1  00:50   12,1    0,0    9,3    0,2   51,1  11:50    184
 09    6,6   11,8  15:01    3,8  21:37   11,8    0,0    0,0    0,3   49,5  00:03    134
 10    7,4   14,9  14:53    3,2  06:53   10,9    0,0    0,0    0,3   49,5  02:14    142
 11    8,3   16,4  14:14    2,7  07:05   10,0    0,0    0,0    0,2   51,1  08:00    185
 12    7,4   14,6  12:55    3,4  04:07   10,9    0,0    0,0    0,2   51,1  00:18    190
 13    8,7   11,4  13:58    4,5  01:12    9,6    0,0    2,1    0,2   51,0  20:43    149
 14    8,7    9,5  00:03    8,1  20:29    9,6    0,0    0,0    0,4    4,0  06:13    259
 15    8,8   13,3  14:04    5,3  23:25    9,6    0,0    0,0    0,3   51,1  21:37    317
 16    7,1    9,3  15:35    4,9  01:20   11,2    0,0    0,0    0,2   51,1  01:16    333
 17    8,7   12,0  13:33    7,1  20:40    9,6    0,0    0,0    0,2   51,1  00:18    340
 18    9,3   13,8  14:18    6,5  02:40    9,0    0,0    0,0    0,2   51,1  00:13    121
 19    7,8   12,9  13:02    3,6  23:46   10,5    0,0    0,0    0,5   51,1  21:01    256
 20    5,2   13,6  15:01    0,4  07:13   13,1    0,0    0,0    0,2   51,1  01:10    118
 21    3,5    9,3  13:39   -0,7  08:17   14,9    0,0    0,0    0,4   51,1  01:30    111
 22    5,2    7,4  15:24    2,8  00:08   13,2    0,0    0,0    0,2   51,1  19:26    171
 23    5,8   12,8  14:52    1,4  23:58   12,6    0,0    0,0    0,3   51,1  00:17    155
 24    2,2    9,8  14:52   -1,9  07:00   16,1    0,0    0,0    0,3   51,1  00:38    135
 25    0,1    2,4  13:54   -3,1  06:58   18,3    0,0    1,0    0,2   51,1  13:45    175
 26    3,5    5,3  15:25    1,9  00:03   14,8    0,0    1,0    0,1   51,1  15:00     29
 27    5,8    9,0  13:41    4,5  07:51   12,6    0,0    1,0    0,3   51,1  00:22    236
 28    2,5    5,1  00:08   -0,2  00:00   15,8    0,0    0,0    0,5   51,1  07:50    239
 29   -1,1    0,8  12:39   -4,8  23:57   19,4    0,0    0,0    0,5   51,1  06:52    286
 30   -2,5    4,4  14:28   -6,2  07:43   20,8    0,0    0,0    0,3   51,1  10:30      4
---------------------------------------------------------------------------------------
       5,8   16,4     11   -6,2     30  376,6    0,0   24,3    0,3   51,1     01    220
    

