                   MONTHLY CLIMATOLOGICAL SUMMARY for set 2021


NAME: Stazione meteo di Vellai - Feltre                  
ELEV: 315 meters    LAT: 46-02.10 N    LONG: 011-56.55 E


                   TEMPERATURE (C), RAIN (mm), WIND SPEED (m/s)

                                         HEAT   COOL         AVG
      MEAN                               DEG    DEG          WIND                   DOM
DAY   TEMP   HIGH   TIME    LOW   TIME   DAYS   DAYS   RAIN  SPEED   HIGH   TIME    DIR
---------------------------------------------------------------------------------------
 01   17,2   26,4  15:14   10,7  07:00    1,2    0,0    0,0    0,4   49,5  04:53    186
 02   18,5   25,3  16:32   12,9  06:21    0,0    0,2    0,0    0,4   51,1  23:16    173
 03   18,2   25,6  13:51   11,8  07:05    0,1    0,0    0,0    0,4   50,3  18:45    137
 04   17,7   26,1  15:38   10,3  06:47    0,7    0,0    0,0    0,4   51,1  21:11    126
 05   18,1   26,4  14:52   11,9  04:33    0,3    0,0    0,0    0,3   50,3  10:40    332
 06   18,2   27,8  16:04   11,4  05:40    0,1    0,0    0,0    0,3   49,5  08:34    119
 07   18,6   26,6  16:27   11,4  06:50    0,0    0,3    0,0    0,3   49,5  09:39    112
 08   18,1   26,1  14:53   11,3  06:37    0,2    0,0    0,0    0,4   51,1  22:16    139
 09   17,3   26,9  15:41    9,3  06:52    1,1    0,0    0,0    0,4   49,5  04:38    121
 10   17,2   26,5  15:05    9,1  06:30    1,1    0,0    0,0    0,4   51,1  00:41    133
 11   18,0   27,9  15:33    9,9  06:58    0,4    0,0    0,0    0,3   49,5  04:13    106
 12   20,1   28,6  14:47   13,3  06:54    0,0    1,8    0,0    0,4   51,1  03:12     71
 13   19,7   28,8  15:07   12,5  06:28    0,0    1,4    0,0    0,3   49,5  20:30    146
 14   19,5   28,4  15:41   11,7  06:56    0,0    1,2    0,0    0,4   49,5  07:32    142
 15   19,4   26,9  14:56   12,4  07:11    0,0    1,0    0,0    0,2   50,3  20:12    101
 16   18,3   21,6  17:06   15,5  06:12    0,0    0,0    3,1    0,3   49,5  15:17    104
 17   19,4   24,9  14:38   15,9  07:38    0,0    1,0    1,0    0,5   51,0  10:51    161
 18   19,3   23,9  12:25   15,3  03:17    0,0    1,0    0,0    0,5   49,5  00:59    145
 19   16,6   18,2  00:01   14,1  23:09    1,8    0,0    5,2    0,1   51,1  03:33    208
 20   15,6   22,6  13:36   12,4  06:36    2,7    0,0    2,1    0,6   51,1  08:12    254
 21   15,7   21,1  14:42   11,4  23:51    2,6    0,0    0,0    0,4   49,5  11:15    151
 22   14,9   21,1  14:34   10,9  23:55    3,4    0,0    0,0    0,1   49,5  07:00     86
 23   14,6   19,8  15:02   10,2  07:06    3,8    0,0    0,0    0,3   49,5  02:28    101
 24   16,9   22,5  14:03   13,1  07:14    1,4    0,0    0,0    0,6   50,7  14:56    171
 25   17,5   22,5  15:41   14,7  06:15    0,8    0,0    0,0    0,5    4,7  15:01    137
 26   17,2   21,6  14:11   13,8  04:53    1,2    0,0    0,0    0,4   51,1  18:28    258
 27   17,7   22,9  13:56   14,2  07:36    0,7    0,0    0,0    0,4   49,5  11:07    163
 28   17,7   26,3  15:10   12,1  04:12    0,6    0,0    0,0    0,3   51,1  21:56    113
 29   17,2   25,3  15:54   12,6  07:10    1,2    0,0    2,6    0,3   49,5  08:27    135
 30   16,0   22,5  14:35   10,3  06:41    2,4    0,0    0,5    0,5   49,5  10:50    160
---------------------------------------------------------------------------------------
      17,7   28,8     13    9,1     10   27,6    7,8   14,5    0,4   51,1     02    138
    

