                     CLIMATOLOGICAL SUMMARY for year 2021


NAME: Stazione meteo di Vellai - Feltre                  
ELEV: 315 meters    LAT: 46-02.10 N    LONG: 011-56.55 E


                                       TEMPERATURE (C)

                              HEAT    COOL                              MAX    MAX    MIN    MIN
          MEAN   MEAN         DEG     DEG                                >=     <=     <=     <=
 YR  MO   MAX    MIN    MEAN  DAYS    DAYS      HI  DAY     LOW  DAY     30      0      0    -20
------------------------------------------------------------------------------------------------
2021 01
2021 02
2021 03
2021 04
2021 05
2021 06   28,3   13,7   21,7    0,2   90,1    31,9   23   -30,0   13      9      0      1      1
2021 07   28,1   12,0   21,0    3,8   84,4    32,3   19   -30,0   16      5      0      3      1
2021 08   27,5   14,5   20,1   13,0   54,0    33,6   13     9,9   29      6      0      0      0
2021 09   24,7   12,2   17,7   27,6    7,8    28,8   13     9,1   10      0      0      0      0
2021 10   17,5    5,3   10,4  246,5    0,0    22,8   03    -0,1   30      0      0      1      0
2021 11   10,6    2,3    5,8  376,6    0,0    16,4   11    -6,2   30      0      0      8      0
2021 12    3,4   -5,4   -1,4  611,6    0,0     9,1   31   -30,0   18      0      2     29      1
------------------------------------------------------------------------------------------------
          19,5    7,3   13,0 1279,2  236,4    33,6  ago   -30,0  giu     20      2     42      3


                  PRECIPITATION (mm)

                  MAX         ---DAYS OF RAIN---
                  OBS.               OVER
 YR  MO  TOTAL    DAY  DATE   0.30   3.00  30.00
------------------------------------------------
2021 01
2021 02
2021 03
2021 04
2021 05
2021 06  115,5  100,0    11      6      4      1
2021 07   39,4   15,5    08      8      4      0
2021 08   10,9    5,2    30      7      1      0
2021 09   14,5    5,2    19      6      2      0
2021 10   10,4    5,2    05      3      2      0
2021 11   24,3    9,3    08      8      2      0
2021 12    4,1    1,0    09      4      0      0
------------------------------------------------
         219,1  100,0   giu     42     15      1


           WIND SPEED (m/s)

                                DOM
 YR  MO    AVG     HI   DATE    DIR
-----------------------------------
2021 01
2021 02
2021 03
2021 04
2021 05
2021 06    0,5   51,1     23    156 
2021 07    0,5   51,1     01    163 
2021 08    0,3   51,1     12    139 
2021 09    0,4   51,1     02    138 
2021 10    0,3   51,1     01    142 
2021 11    0,3   51,1     01    220 
2021 12    0,3   51,1     02    224 
-----------------------------------
           0,4   51,1    giu    161

